/*--------------------------------*- C++ -*----------------------------------*\
  =========                 |
  \\      /  F ield         | OpenFOAM: The Open Source CFD Toolbox
   \\    /   O peration     | Website:  https://openfoam.org
    \\  /    A nd           | Version:  6
     \\/     M anipulation  |
\*---------------------------------------------------------------------------*/
FoamFile
{
    version     2.0;
    format      ascii;
    class       faceList;
    location    "constant/polyMesh";
    object      faces;
}
// * * * * * * * * * * * * * * * * * * * * * * * * * * * * * * * * * * * * * //


3393
(
4(1 7 43 37)
4(6 42 43 7)
4(36 37 43 42)
4(2 8 44 38)
4(7 43 44 8)
4(37 38 44 43)
4(3 9 45 39)
4(8 44 45 9)
4(38 39 45 44)
4(4 10 46 40)
4(9 45 46 10)
4(39 40 46 45)
4(10 46 47 11)
4(40 41 47 46)
4(7 13 49 43)
4(12 48 49 13)
4(42 43 49 48)
4(8 14 50 44)
4(13 49 50 14)
4(43 44 50 49)
4(9 15 51 45)
4(14 50 51 15)
4(44 45 51 50)
4(10 16 52 46)
4(15 51 52 16)
4(45 46 52 51)
4(16 52 53 17)
4(46 47 53 52)
4(13 19 55 49)
4(18 54 55 19)
4(48 49 55 54)
4(14 20 56 50)
4(19 55 56 20)
4(49 50 56 55)
4(15 21 57 51)
4(20 56 57 21)
4(50 51 57 56)
4(16 22 58 52)
4(21 57 58 22)
4(51 52 58 57)
4(22 58 59 23)
4(52 53 59 58)
4(19 25 61 55)
4(24 60 61 25)
4(54 55 61 60)
4(20 26 62 56)
4(25 61 62 26)
4(55 56 62 61)
4(21 27 63 57)
4(26 62 63 27)
4(56 57 63 62)
4(22 28 64 58)
4(27 63 64 28)
4(57 58 64 63)
4(28 64 65 29)
4(58 59 65 64)
4(25 31 67 61)
4(60 61 67 66)
4(26 32 68 62)
4(61 62 68 67)
4(27 33 69 63)
4(62 63 69 68)
4(28 34 70 64)
4(63 64 70 69)
4(64 65 71 70)
4(37 43 79 73)
4(42 78 79 43)
4(72 73 79 78)
4(38 44 80 74)
4(43 79 80 44)
4(73 74 80 79)
4(39 45 81 75)
4(44 80 81 45)
4(74 75 81 80)
4(40 46 82 76)
4(45 81 82 46)
4(75 76 82 81)
4(46 82 83 47)
4(76 77 83 82)
4(43 49 85 79)
4(48 84 85 49)
4(78 79 85 84)
4(44 50 86 80)
4(49 85 86 50)
4(79 80 86 85)
4(45 51 87 81)
4(50 86 87 51)
4(80 81 87 86)
4(46 52 88 82)
4(51 87 88 52)
4(81 82 88 87)
4(52 88 89 53)
4(82 83 89 88)
4(49 55 91 85)
4(54 90 91 55)
4(84 85 91 90)
4(50 56 92 86)
4(55 91 92 56)
4(85 86 92 91)
4(51 57 93 87)
4(56 92 93 57)
4(86 87 93 92)
4(52 58 94 88)
4(57 93 94 58)
4(87 88 94 93)
4(58 94 95 59)
4(88 89 95 94)
4(55 61 97 91)
4(60 96 97 61)
4(90 91 97 96)
4(56 62 98 92)
4(61 97 98 62)
4(91 92 98 97)
4(57 63 99 93)
4(62 98 99 63)
4(92 93 99 98)
4(58 64 100 94)
4(63 99 100 64)
4(93 94 100 99)
4(64 100 101 65)
4(94 95 101 100)
4(61 67 103 97)
4(96 97 103 102)
4(62 68 104 98)
4(97 98 104 103)
4(63 69 105 99)
4(98 99 105 104)
4(64 70 106 100)
4(99 100 106 105)
4(100 101 107 106)
4(73 79 115 109)
4(78 114 115 79)
4(108 109 115 114)
4(74 80 116 110)
4(79 115 116 80)
4(109 110 116 115)
4(75 81 117 111)
4(80 116 117 81)
4(110 111 117 116)
4(76 82 118 112)
4(81 117 118 82)
4(111 112 118 117)
4(82 118 119 83)
4(112 113 119 118)
4(79 85 121 115)
4(84 120 121 85)
4(114 115 121 120)
4(80 86 122 116)
4(85 121 122 86)
4(115 116 122 121)
4(81 87 123 117)
4(86 122 123 87)
4(116 117 123 122)
4(82 88 124 118)
4(87 123 124 88)
4(117 118 124 123)
4(88 124 125 89)
4(118 119 125 124)
4(85 91 127 121)
4(90 126 127 91)
4(120 121 127 126)
4(86 92 128 122)
4(91 127 128 92)
4(121 122 128 127)
4(87 93 129 123)
4(92 128 129 93)
4(122 123 129 128)
4(88 94 130 124)
4(93 129 130 94)
4(123 124 130 129)
4(94 130 131 95)
4(124 125 131 130)
4(91 97 133 127)
4(96 132 133 97)
4(126 127 133 132)
4(92 98 134 128)
4(97 133 134 98)
4(127 128 134 133)
4(93 99 135 129)
4(98 134 135 99)
4(128 129 135 134)
4(94 100 136 130)
4(99 135 136 100)
4(129 130 136 135)
4(100 136 137 101)
4(130 131 137 136)
4(97 103 139 133)
4(132 133 139 138)
4(98 104 140 134)
4(133 134 140 139)
4(99 105 141 135)
4(134 135 141 140)
4(100 106 142 136)
4(135 136 142 141)
4(136 137 143 142)
4(109 115 151 145)
4(114 150 151 115)
4(144 145 151 150)
4(110 116 152 146)
4(115 151 152 116)
4(145 146 152 151)
4(111 117 153 147)
4(116 152 153 117)
4(146 147 153 152)
4(112 118 154 148)
4(117 153 154 118)
4(147 148 154 153)
4(118 154 155 119)
4(148 149 155 154)
4(115 121 157 151)
4(120 156 157 121)
4(150 151 157 156)
4(116 122 158 152)
4(121 157 158 122)
4(151 152 158 157)
4(117 123 159 153)
4(122 158 159 123)
4(152 153 159 158)
4(118 124 160 154)
4(123 159 160 124)
4(153 154 160 159)
4(124 160 161 125)
4(154 155 161 160)
4(121 127 163 157)
4(126 162 163 127)
4(156 157 163 162)
4(122 128 164 158)
4(127 163 164 128)
4(157 158 164 163)
4(123 129 165 159)
4(128 164 165 129)
4(158 159 165 164)
4(124 130 166 160)
4(129 165 166 130)
4(159 160 166 165)
4(130 166 167 131)
4(160 161 167 166)
4(127 133 169 163)
4(132 168 169 133)
4(162 163 169 168)
4(128 134 170 164)
4(133 169 170 134)
4(163 164 170 169)
4(129 135 171 165)
4(134 170 171 135)
4(164 165 171 170)
4(130 136 172 166)
4(135 171 172 136)
4(165 166 172 171)
4(136 172 173 137)
4(166 167 173 172)
4(133 139 175 169)
4(168 169 175 174)
4(134 140 176 170)
4(169 170 176 175)
4(135 141 177 171)
4(170 171 177 176)
4(136 142 178 172)
4(171 172 178 177)
4(172 173 179 178)
4(145 151 187 181)
4(150 186 187 151)
4(180 181 187 186)
4(146 152 188 182)
4(151 187 188 152)
4(181 182 188 187)
4(147 153 189 183)
4(152 188 189 153)
4(182 183 189 188)
4(148 154 190 184)
4(153 189 190 154)
4(183 184 190 189)
4(154 190 191 155)
4(184 185 191 190)
4(151 157 193 187)
4(156 192 193 157)
4(186 187 193 192)
4(152 158 194 188)
4(157 193 194 158)
4(187 188 194 193)
4(153 159 195 189)
4(158 194 195 159)
4(188 189 195 194)
4(154 160 196 190)
4(159 195 196 160)
4(189 190 196 195)
4(160 196 197 161)
4(190 191 197 196)
4(157 163 199 193)
4(162 198 199 163)
4(192 193 199 198)
4(158 164 200 194)
4(163 199 200 164)
4(193 194 200 199)
4(159 165 201 195)
4(164 200 201 165)
4(194 195 201 200)
4(160 166 202 196)
4(165 201 202 166)
4(195 196 202 201)
4(166 202 203 167)
4(196 197 203 202)
4(163 169 205 199)
4(168 204 205 169)
4(198 199 205 204)
4(164 170 206 200)
4(169 205 206 170)
4(199 200 206 205)
4(165 171 207 201)
4(170 206 207 171)
4(200 201 207 206)
4(166 172 208 202)
4(171 207 208 172)
4(201 202 208 207)
4(172 208 209 173)
4(202 203 209 208)
4(169 175 211 205)
4(204 205 211 210)
4(170 176 212 206)
4(205 206 212 211)
4(171 177 213 207)
4(206 207 213 212)
4(172 178 214 208)
4(207 208 214 213)
4(208 209 215 214)
4(181 187 223 217)
4(186 222 223 187)
4(216 217 223 222)
4(182 188 224 218)
4(187 223 224 188)
4(217 218 224 223)
4(183 189 225 219)
4(188 224 225 189)
4(218 219 225 224)
4(184 190 226 220)
4(189 225 226 190)
4(219 220 226 225)
4(190 226 227 191)
4(220 221 227 226)
4(187 193 229 223)
4(192 228 229 193)
4(222 223 229 228)
4(188 194 230 224)
4(193 229 230 194)
4(223 224 230 229)
4(189 195 231 225)
4(194 230 231 195)
4(224 225 231 230)
4(190 196 232 226)
4(195 231 232 196)
4(225 226 232 231)
4(196 232 233 197)
4(226 227 233 232)
4(193 199 235 229)
4(198 234 235 199)
4(228 229 235 234)
4(194 200 236 230)
4(199 235 236 200)
4(229 230 236 235)
4(195 201 237 231)
4(200 236 237 201)
4(230 231 237 236)
4(196 202 238 232)
4(201 237 238 202)
4(231 232 238 237)
4(202 238 239 203)
4(232 233 239 238)
4(199 205 241 235)
4(204 240 241 205)
4(234 235 241 240)
4(200 206 242 236)
4(205 241 242 206)
4(235 236 242 241)
4(201 207 243 237)
4(206 242 243 207)
4(236 237 243 242)
4(202 208 244 238)
4(207 243 244 208)
4(237 238 244 243)
4(208 244 245 209)
4(238 239 245 244)
4(205 211 247 241)
4(240 241 247 246)
4(206 212 248 242)
4(241 242 248 247)
4(207 213 249 243)
4(242 243 249 248)
4(208 214 250 244)
4(243 244 250 249)
4(244 245 251 250)
4(217 223 259 253)
4(222 258 259 223)
4(252 253 259 258)
4(218 224 260 254)
4(223 259 260 224)
4(253 254 260 259)
4(219 225 261 255)
4(224 260 261 225)
4(254 255 261 260)
4(220 226 262 256)
4(225 261 262 226)
4(255 256 262 261)
4(226 262 263 227)
4(256 257 263 262)
4(223 229 265 259)
4(228 264 265 229)
4(258 259 265 264)
4(224 230 266 260)
4(229 265 266 230)
4(259 260 266 265)
4(225 231 267 261)
4(230 266 267 231)
4(260 261 267 266)
4(226 232 268 262)
4(231 267 268 232)
4(261 262 268 267)
4(232 268 269 233)
4(262 263 269 268)
4(229 235 271 265)
4(234 270 271 235)
4(264 265 271 270)
4(230 236 272 266)
4(235 271 272 236)
4(265 266 272 271)
4(231 237 273 267)
4(236 272 273 237)
4(266 267 273 272)
4(232 238 274 268)
4(237 273 274 238)
4(267 268 274 273)
4(238 274 275 239)
4(268 269 275 274)
4(235 241 277 271)
4(240 276 277 241)
4(270 271 277 276)
4(236 242 278 272)
4(241 277 278 242)
4(271 272 278 277)
4(237 243 279 273)
4(242 278 279 243)
4(272 273 279 278)
4(238 244 280 274)
4(243 279 280 244)
4(273 274 280 279)
4(244 280 281 245)
4(274 275 281 280)
4(241 247 283 277)
4(276 277 283 282)
4(242 248 284 278)
4(277 278 284 283)
4(243 249 285 279)
4(278 279 285 284)
4(244 250 286 280)
4(279 280 286 285)
4(280 281 287 286)
4(253 259 295 289)
4(258 294 295 259)
4(288 289 295 294)
4(254 260 296 290)
4(259 295 296 260)
4(289 290 296 295)
4(255 261 297 291)
4(260 296 297 261)
4(290 291 297 296)
4(256 262 298 292)
4(261 297 298 262)
4(291 292 298 297)
4(262 298 299 263)
4(292 293 299 298)
4(259 265 301 295)
4(264 300 301 265)
4(294 295 301 300)
4(260 266 302 296)
4(265 301 302 266)
4(295 296 302 301)
4(261 267 303 297)
4(266 302 303 267)
4(296 297 303 302)
4(262 268 304 298)
4(267 303 304 268)
4(297 298 304 303)
4(268 304 305 269)
4(298 299 305 304)
4(265 271 307 301)
4(270 306 307 271)
4(300 301 307 306)
4(266 272 308 302)
4(271 307 308 272)
4(301 302 308 307)
4(267 273 309 303)
4(272 308 309 273)
4(302 303 309 308)
4(268 274 310 304)
4(273 309 310 274)
4(303 304 310 309)
4(274 310 311 275)
4(304 305 311 310)
4(271 277 313 307)
4(276 312 313 277)
4(306 307 313 312)
4(272 278 314 308)
4(277 313 314 278)
4(307 308 314 313)
4(273 279 315 309)
4(278 314 315 279)
4(308 309 315 314)
4(274 280 316 310)
4(279 315 316 280)
4(309 310 316 315)
4(280 316 317 281)
4(310 311 317 316)
4(277 283 319 313)
4(312 313 319 318)
4(278 284 320 314)
4(313 314 320 319)
4(279 285 321 315)
4(314 315 321 320)
4(280 286 322 316)
4(315 316 322 321)
4(316 317 323 322)
4(289 295 331 325)
4(294 330 331 295)
4(324 325 331 330)
4(290 296 332 326)
4(295 331 332 296)
4(325 326 332 331)
4(291 297 333 327)
4(296 332 333 297)
4(326 327 333 332)
4(292 298 334 328)
4(297 333 334 298)
4(327 328 334 333)
4(298 334 335 299)
4(328 329 335 334)
4(295 301 337 331)
4(300 336 337 301)
4(330 331 337 336)
4(296 302 338 332)
4(301 337 338 302)
4(331 332 338 337)
4(297 303 339 333)
4(302 338 339 303)
4(332 333 339 338)
4(298 304 340 334)
4(303 339 340 304)
4(333 334 340 339)
4(304 340 341 305)
4(334 335 341 340)
4(301 307 343 337)
4(306 342 343 307)
4(336 337 343 342)
4(302 308 344 338)
4(307 343 344 308)
4(337 338 344 343)
4(303 309 345 339)
4(308 344 345 309)
4(338 339 345 344)
4(304 310 346 340)
4(309 345 346 310)
4(339 340 346 345)
4(310 346 347 311)
4(340 341 347 346)
4(307 313 349 343)
4(312 348 349 313)
4(342 343 349 348)
4(308 314 350 344)
4(313 349 350 314)
4(343 344 350 349)
4(309 315 351 345)
4(314 350 351 315)
4(344 345 351 350)
4(310 316 352 346)
4(315 351 352 316)
4(345 346 352 351)
4(316 352 353 317)
4(346 347 353 352)
4(313 319 355 349)
4(348 349 355 354)
4(314 320 356 350)
4(349 350 356 355)
4(315 321 357 351)
4(350 351 357 356)
4(316 322 358 352)
4(351 352 358 357)
4(352 353 359 358)
4(325 331 367 361)
4(330 366 367 331)
4(360 361 367 366)
4(326 332 368 362)
4(331 367 368 332)
4(361 362 368 367)
4(327 333 369 363)
4(332 368 369 333)
4(362 363 369 368)
4(328 334 370 364)
4(333 369 370 334)
4(363 364 370 369)
4(334 370 371 335)
4(364 365 371 370)
4(331 337 373 367)
4(336 372 373 337)
4(366 367 373 372)
4(332 338 374 368)
4(337 373 374 338)
4(367 368 374 373)
4(333 339 375 369)
4(338 374 375 339)
4(368 369 375 374)
4(334 340 376 370)
4(339 375 376 340)
4(369 370 376 375)
4(340 376 377 341)
4(370 371 377 376)
4(337 343 379 373)
4(342 378 379 343)
4(372 373 379 378)
4(338 344 380 374)
4(343 379 380 344)
4(373 374 380 379)
4(339 345 381 375)
4(344 380 381 345)
4(374 375 381 380)
4(340 346 382 376)
4(345 381 382 346)
4(375 376 382 381)
4(346 382 383 347)
4(376 377 383 382)
4(343 349 385 379)
4(348 384 385 349)
4(378 379 385 384)
4(344 350 386 380)
4(349 385 386 350)
4(379 380 386 385)
4(345 351 387 381)
4(350 386 387 351)
4(380 381 387 386)
4(346 352 388 382)
4(351 387 388 352)
4(381 382 388 387)
4(352 388 389 353)
4(382 383 389 388)
4(349 355 391 385)
4(384 385 391 390)
4(350 356 392 386)
4(385 386 392 391)
4(351 357 393 387)
4(386 387 393 392)
4(352 358 394 388)
4(387 388 394 393)
4(388 389 395 394)
4(361 367 403 397)
4(366 402 403 367)
4(396 397 403 402)
4(362 368 404 398)
4(367 403 404 368)
4(397 398 404 403)
4(363 369 405 399)
4(368 404 405 369)
4(398 399 405 404)
4(364 370 406 400)
4(369 405 406 370)
4(399 400 406 405)
4(370 406 407 371)
4(400 401 407 406)
4(367 373 409 403)
4(372 408 409 373)
4(402 403 409 408)
4(368 374 410 404)
4(373 409 410 374)
4(403 404 410 409)
4(369 375 411 405)
4(374 410 411 375)
4(404 405 411 410)
4(370 376 412 406)
4(375 411 412 376)
4(405 406 412 411)
4(376 412 413 377)
4(406 407 413 412)
4(373 379 415 409)
4(378 414 415 379)
4(408 409 415 414)
4(374 380 416 410)
4(379 415 416 380)
4(409 410 416 415)
4(375 381 417 411)
4(380 416 417 381)
4(410 411 417 416)
4(376 382 418 412)
4(381 417 418 382)
4(411 412 418 417)
4(382 418 419 383)
4(412 413 419 418)
4(379 385 421 415)
4(384 420 421 385)
4(414 415 421 420)
4(380 386 422 416)
4(385 421 422 386)
4(415 416 422 421)
4(381 387 423 417)
4(386 422 423 387)
4(416 417 423 422)
4(382 388 424 418)
4(387 423 424 388)
4(417 418 424 423)
4(388 424 425 389)
4(418 419 425 424)
4(385 391 427 421)
4(420 421 427 426)
4(386 392 428 422)
4(421 422 428 427)
4(387 393 429 423)
4(422 423 429 428)
4(388 394 430 424)
4(423 424 430 429)
4(424 425 431 430)
4(397 403 439 433)
4(402 438 439 403)
4(432 433 439 438)
4(398 404 440 434)
4(403 439 440 404)
4(433 434 440 439)
4(399 405 441 435)
4(404 440 441 405)
4(434 435 441 440)
4(400 406 442 436)
4(405 441 442 406)
4(435 436 442 441)
4(406 442 443 407)
4(436 437 443 442)
4(403 409 445 439)
4(408 444 445 409)
4(438 439 445 444)
4(404 410 446 440)
4(409 445 446 410)
4(439 440 446 445)
4(405 411 447 441)
4(410 446 447 411)
4(440 441 447 446)
4(406 412 448 442)
4(411 447 448 412)
4(441 442 448 447)
4(412 448 449 413)
4(442 443 449 448)
4(409 415 451 445)
4(414 450 451 415)
4(444 445 451 450)
4(410 416 452 446)
4(415 451 452 416)
4(445 446 452 451)
4(411 417 453 447)
4(416 452 453 417)
4(446 447 453 452)
4(412 418 454 448)
4(417 453 454 418)
4(447 448 454 453)
4(418 454 455 419)
4(448 449 455 454)
4(415 421 457 451)
4(420 456 457 421)
4(450 451 457 456)
4(416 422 458 452)
4(421 457 458 422)
4(451 452 458 457)
4(417 423 459 453)
4(422 458 459 423)
4(452 453 459 458)
4(418 424 460 454)
4(423 459 460 424)
4(453 454 460 459)
4(424 460 461 425)
4(454 455 461 460)
4(421 427 463 457)
4(456 457 463 462)
4(422 428 464 458)
4(457 458 464 463)
4(423 429 465 459)
4(458 459 465 464)
4(424 430 466 460)
4(459 460 466 465)
4(460 461 467 466)
4(433 439 475 469)
4(438 474 475 439)
4(468 469 475 474)
4(434 440 476 470)
4(439 475 476 440)
4(469 470 476 475)
4(435 441 477 471)
4(440 476 477 441)
4(470 471 477 476)
4(436 442 478 472)
4(441 477 478 442)
4(471 472 478 477)
4(442 478 479 443)
4(472 473 479 478)
4(439 445 481 475)
4(444 480 481 445)
4(474 475 481 480)
4(440 446 482 476)
4(445 481 482 446)
4(475 476 482 481)
4(441 447 483 477)
4(446 482 483 447)
4(476 477 483 482)
4(442 448 484 478)
4(447 483 484 448)
4(477 478 484 483)
4(448 484 485 449)
4(478 479 485 484)
4(445 451 487 481)
4(450 486 487 451)
4(480 481 487 486)
4(446 452 488 482)
4(451 487 488 452)
4(481 482 488 487)
4(447 453 489 483)
4(452 488 489 453)
4(482 483 489 488)
4(448 454 490 484)
4(453 489 490 454)
4(483 484 490 489)
4(454 490 491 455)
4(484 485 491 490)
4(451 457 493 487)
4(456 492 493 457)
4(486 487 493 492)
4(452 458 494 488)
4(457 493 494 458)
4(487 488 494 493)
4(453 459 495 489)
4(458 494 495 459)
4(488 489 495 494)
4(454 460 496 490)
4(459 495 496 460)
4(489 490 496 495)
4(460 496 497 461)
4(490 491 497 496)
4(457 463 499 493)
4(492 493 499 498)
4(458 464 500 494)
4(493 494 500 499)
4(459 465 501 495)
4(494 495 501 500)
4(460 466 502 496)
4(495 496 502 501)
4(496 497 503 502)
4(469 475 511 505)
4(474 510 511 475)
4(504 505 511 510)
4(470 476 512 506)
4(475 511 512 476)
4(505 506 512 511)
4(471 477 513 507)
4(476 512 513 477)
4(506 507 513 512)
4(472 478 514 508)
4(477 513 514 478)
4(507 508 514 513)
4(478 514 515 479)
4(508 509 515 514)
4(475 481 517 511)
4(480 516 517 481)
4(510 511 517 516)
4(476 482 518 512)
4(481 517 518 482)
4(511 512 518 517)
4(477 483 519 513)
4(482 518 519 483)
4(512 513 519 518)
4(478 484 520 514)
4(483 519 520 484)
4(513 514 520 519)
4(484 520 521 485)
4(514 515 521 520)
4(481 487 523 517)
4(486 522 523 487)
4(516 517 523 522)
4(482 488 524 518)
4(487 523 524 488)
4(517 518 524 523)
4(483 489 525 519)
4(488 524 525 489)
4(518 519 525 524)
4(484 490 526 520)
4(489 525 526 490)
4(519 520 526 525)
4(490 526 527 491)
4(520 521 527 526)
4(487 493 529 523)
4(492 528 529 493)
4(522 523 529 528)
4(488 494 530 524)
4(493 529 530 494)
4(523 524 530 529)
4(489 495 531 525)
4(494 530 531 495)
4(524 525 531 530)
4(490 496 532 526)
4(495 531 532 496)
4(525 526 532 531)
4(496 532 533 497)
4(526 527 533 532)
4(493 499 535 529)
4(528 529 535 534)
4(494 500 536 530)
4(529 530 536 535)
4(495 501 537 531)
4(530 531 537 536)
4(496 502 538 532)
4(531 532 538 537)
4(532 533 539 538)
4(505 511 547 541)
4(510 546 547 511)
4(540 541 547 546)
4(506 512 548 542)
4(511 547 548 512)
4(541 542 548 547)
4(507 513 549 543)
4(512 548 549 513)
4(542 543 549 548)
4(508 514 550 544)
4(513 549 550 514)
4(543 544 550 549)
4(514 550 551 515)
4(544 545 551 550)
4(511 517 553 547)
4(516 552 553 517)
4(546 547 553 552)
4(512 518 554 548)
4(517 553 554 518)
4(547 548 554 553)
4(513 519 555 549)
4(518 554 555 519)
4(548 549 555 554)
4(514 520 556 550)
4(519 555 556 520)
4(549 550 556 555)
4(520 556 557 521)
4(550 551 557 556)
4(517 523 559 553)
4(522 558 559 523)
4(552 553 559 558)
4(518 524 560 554)
4(523 559 560 524)
4(553 554 560 559)
4(519 525 561 555)
4(524 560 561 525)
4(554 555 561 560)
4(520 526 562 556)
4(525 561 562 526)
4(555 556 562 561)
4(526 562 563 527)
4(556 557 563 562)
4(523 529 565 559)
4(528 564 565 529)
4(558 559 565 564)
4(524 530 566 560)
4(529 565 566 530)
4(559 560 566 565)
4(525 531 567 561)
4(530 566 567 531)
4(560 561 567 566)
4(526 532 568 562)
4(531 567 568 532)
4(561 562 568 567)
4(532 568 569 533)
4(562 563 569 568)
4(529 535 571 565)
4(564 565 571 570)
4(530 536 572 566)
4(565 566 572 571)
4(531 537 573 567)
4(566 567 573 572)
4(532 538 574 568)
4(567 568 574 573)
4(568 569 575 574)
4(541 547 583 577)
4(546 582 583 547)
4(576 577 583 582)
4(540 576 582 546)
4(542 548 584 578)
4(547 583 584 548)
4(577 578 584 583)
4(543 549 585 579)
4(548 584 585 549)
4(578 579 585 584)
4(544 550 586 580)
4(549 585 586 550)
4(579 580 586 585)
4(550 586 587 551)
4(580 581 587 586)
4(545 551 587 581)
4(547 553 589 583)
4(552 588 589 553)
4(582 583 589 588)
4(546 582 588 552)
4(548 554 590 584)
4(553 589 590 554)
4(583 584 590 589)
4(549 555 591 585)
4(554 590 591 555)
4(584 585 591 590)
4(550 556 592 586)
4(555 591 592 556)
4(585 586 592 591)
4(556 592 593 557)
4(586 587 593 592)
4(551 557 593 587)
4(553 559 595 589)
4(558 594 595 559)
4(588 589 595 594)
4(552 588 594 558)
4(554 560 596 590)
4(559 595 596 560)
4(589 590 596 595)
4(555 561 597 591)
4(560 596 597 561)
4(590 591 597 596)
4(556 562 598 592)
4(561 597 598 562)
4(591 592 598 597)
4(562 598 599 563)
4(592 593 599 598)
4(557 563 599 593)
4(559 565 601 595)
4(564 600 601 565)
4(594 595 601 600)
4(558 594 600 564)
4(560 566 602 596)
4(565 601 602 566)
4(595 596 602 601)
4(561 567 603 597)
4(566 602 603 567)
4(596 597 603 602)
4(562 568 604 598)
4(567 603 604 568)
4(597 598 604 603)
4(568 604 605 569)
4(598 599 605 604)
4(563 569 605 599)
4(565 571 607 601)
4(600 601 607 606)
4(564 600 606 570)
4(566 572 608 602)
4(601 602 608 607)
4(567 573 609 603)
4(602 603 609 608)
4(568 574 610 604)
4(603 604 610 609)
4(604 605 611 610)
4(569 575 611 605)
4(577 583 619 613)
4(582 618 619 583)
4(612 613 619 618)
4(576 612 618 582)
4(578 584 620 614)
4(583 619 620 584)
4(613 614 620 619)
4(579 585 621 615)
4(584 620 621 585)
4(614 615 621 620)
4(580 586 622 616)
4(585 621 622 586)
4(615 616 622 621)
4(586 622 623 587)
4(616 617 623 622)
4(581 587 623 617)
4(583 589 625 619)
4(588 624 625 589)
4(618 619 625 624)
4(582 618 624 588)
4(584 590 626 620)
4(589 625 626 590)
4(619 620 626 625)
4(585 591 627 621)
4(590 626 627 591)
4(620 621 627 626)
4(586 592 628 622)
4(591 627 628 592)
4(621 622 628 627)
4(592 628 629 593)
4(622 623 629 628)
4(587 593 629 623)
4(589 595 631 625)
4(594 630 631 595)
4(624 625 631 630)
4(588 624 630 594)
4(590 596 632 626)
4(595 631 632 596)
4(625 626 632 631)
4(591 597 633 627)
4(596 632 633 597)
4(626 627 633 632)
4(592 598 634 628)
4(597 633 634 598)
4(627 628 634 633)
4(598 634 635 599)
4(628 629 635 634)
4(593 599 635 629)
4(595 601 637 631)
4(600 636 637 601)
4(630 631 637 636)
4(594 630 636 600)
4(596 602 638 632)
4(601 637 638 602)
4(631 632 638 637)
4(597 603 639 633)
4(602 638 639 603)
4(632 633 639 638)
4(598 604 640 634)
4(603 639 640 604)
4(633 634 640 639)
4(604 640 641 605)
4(634 635 641 640)
4(599 605 641 635)
4(601 607 643 637)
4(636 637 643 642)
4(600 636 642 606)
4(602 608 644 638)
4(637 638 644 643)
4(603 609 645 639)
4(638 639 645 644)
4(604 610 646 640)
4(639 640 646 645)
4(640 641 647 646)
4(605 611 647 641)
4(613 619 655 649)
4(618 654 655 619)
4(648 649 655 654)
4(612 648 654 618)
4(614 620 656 650)
4(619 655 656 620)
4(649 650 656 655)
4(615 621 657 651)
4(620 656 657 621)
4(650 651 657 656)
4(616 622 658 652)
4(621 657 658 622)
4(651 652 658 657)
4(622 658 659 623)
4(652 653 659 658)
4(617 623 659 653)
4(619 625 661 655)
4(624 660 661 625)
4(654 655 661 660)
4(618 654 660 624)
4(620 626 662 656)
4(625 661 662 626)
4(655 656 662 661)
4(621 627 663 657)
4(626 662 663 627)
4(656 657 663 662)
4(622 628 664 658)
4(627 663 664 628)
4(657 658 664 663)
4(628 664 665 629)
4(658 659 665 664)
4(623 629 665 659)
4(625 631 667 661)
4(630 666 667 631)
4(660 661 667 666)
4(624 660 666 630)
4(626 632 668 662)
4(631 667 668 632)
4(661 662 668 667)
4(627 633 669 663)
4(632 668 669 633)
4(662 663 669 668)
4(628 634 670 664)
4(633 669 670 634)
4(663 664 670 669)
4(634 670 671 635)
4(664 665 671 670)
4(629 635 671 665)
4(631 637 673 667)
4(636 672 673 637)
4(666 667 673 672)
4(630 666 672 636)
4(632 638 674 668)
4(637 673 674 638)
4(667 668 674 673)
4(633 639 675 669)
4(638 674 675 639)
4(668 669 675 674)
4(634 640 676 670)
4(639 675 676 640)
4(669 670 676 675)
4(640 676 677 641)
4(670 671 677 676)
4(635 641 677 671)
4(637 643 679 673)
4(672 673 679 678)
4(636 672 678 642)
4(638 644 680 674)
4(673 674 680 679)
4(639 645 681 675)
4(674 675 681 680)
4(640 646 682 676)
4(675 676 682 681)
4(676 677 683 682)
4(641 647 683 677)
4(649 655 691 685)
4(654 690 691 655)
4(684 685 691 690)
4(648 684 690 654)
4(650 656 692 686)
4(655 691 692 656)
4(685 686 692 691)
4(651 657 693 687)
4(656 692 693 657)
4(686 687 693 692)
4(652 658 694 688)
4(657 693 694 658)
4(687 688 694 693)
4(658 694 695 659)
4(688 689 695 694)
4(653 659 695 689)
4(655 661 697 691)
4(660 696 697 661)
4(690 691 697 696)
4(654 690 696 660)
4(656 662 698 692)
4(661 697 698 662)
4(691 692 698 697)
4(657 663 699 693)
4(662 698 699 663)
4(692 693 699 698)
4(658 664 700 694)
4(663 699 700 664)
4(693 694 700 699)
4(664 700 701 665)
4(694 695 701 700)
4(659 665 701 695)
4(661 667 703 697)
4(666 702 703 667)
4(696 697 703 702)
4(660 696 702 666)
4(662 668 704 698)
4(667 703 704 668)
4(697 698 704 703)
4(663 669 705 699)
4(668 704 705 669)
4(698 699 705 704)
4(664 670 706 700)
4(669 705 706 670)
4(699 700 706 705)
4(670 706 707 671)
4(700 701 707 706)
4(665 671 707 701)
4(667 673 709 703)
4(672 708 709 673)
4(702 703 709 708)
4(666 702 708 672)
4(668 674 710 704)
4(673 709 710 674)
4(703 704 710 709)
4(669 675 711 705)
4(674 710 711 675)
4(704 705 711 710)
4(670 676 712 706)
4(675 711 712 676)
4(705 706 712 711)
4(676 712 713 677)
4(706 707 713 712)
4(671 677 713 707)
4(673 679 715 709)
4(708 709 715 714)
4(672 708 714 678)
4(674 680 716 710)
4(709 710 716 715)
4(675 681 717 711)
4(710 711 717 716)
4(676 682 718 712)
4(711 712 718 717)
4(712 713 719 718)
4(677 683 719 713)
4(685 691 727 721)
4(690 726 727 691)
4(684 720 726 690)
4(686 692 728 722)
4(691 727 728 692)
4(687 693 729 723)
4(692 728 729 693)
4(688 694 730 724)
4(693 729 730 694)
4(694 730 731 695)
4(689 695 731 725)
4(691 697 733 727)
4(696 732 733 697)
4(690 726 732 696)
4(692 698 734 728)
4(697 733 734 698)
4(693 699 735 729)
4(698 734 735 699)
4(694 700 736 730)
4(699 735 736 700)
4(700 736 737 701)
4(695 701 737 731)
4(697 703 739 733)
4(702 738 739 703)
4(696 732 738 702)
4(698 704 740 734)
4(703 739 740 704)
4(699 705 741 735)
4(704 740 741 705)
4(700 706 742 736)
4(705 741 742 706)
4(706 742 743 707)
4(701 707 743 737)
4(703 709 745 739)
4(708 744 745 709)
4(702 738 744 708)
4(704 710 746 740)
4(709 745 746 710)
4(705 711 747 741)
4(710 746 747 711)
4(706 712 748 742)
4(711 747 748 712)
4(712 748 749 713)
4(707 713 749 743)
4(709 715 751 745)
4(708 744 750 714)
4(710 716 752 746)
4(711 717 753 747)
4(712 718 754 748)
4(713 719 755 749)
4(756 757 770 765)
3(757 769 770)
4(764 765 770 769)
4(756 757 771 766)
3(757 770 771)
4(765 766 771 770)
4(757 772 767 540)
3(757 771 772)
4(772 771 766 767)
4(540 757 773 768)
3(757 772 773)
4(767 768 773 772)
4(757 773 582 546)
4(768 576 582 773)
4(757 758 775 770)
3(758 774 775)
4(769 770 775 774)
4(757 758 776 771)
3(758 775 776)
4(770 771 776 775)
4(757 758 777 772)
3(758 776 777)
4(771 772 777 776)
4(757 552 778 773)
4(758 777 778 552)
4(772 773 778 777)
3(552 778 588)
4(588 778 773 582)
4(758 759 780 775)
3(759 779 780)
4(774 775 780 779)
4(758 759 781 776)
3(759 780 781)
4(775 776 781 780)
4(758 759 782 777)
3(759 781 782)
4(776 777 782 781)
4(552 558 783 778)
4(759 782 783 558)
4(777 778 783 782)
3(558 783 594)
4(778 588 594 783)
4(759 761 785 780)
4(760 784 785 761)
4(779 780 785 784)
4(759 762 786 781)
4(761 785 786 762)
4(780 781 786 785)
4(759 762 787 782)
3(762 786 787)
4(781 782 787 786)
4(558 564 788 783)
4(762 787 788 564)
4(782 783 788 787)
3(564 788 600)
4(783 594 600 788)
4(763 790 785 761)
4(790 789 784 785)
4(763 791 786 762)
4(791 790 785 786)
4(762 570 792 787)
4(786 787 792 791)
4(570 793 788 564)
4(793 792 787 788)
4(788 600 606 793)
4(765 770 800 795)
4(769 799 800 770)
4(794 795 800 799)
4(766 771 801 796)
4(770 800 801 771)
4(795 796 801 800)
4(767 772 802 797)
4(771 801 802 772)
4(796 797 802 801)
4(768 773 803 798)
4(772 802 803 773)
4(797 798 803 802)
4(773 803 618 582)
4(798 612 618 803)
4(770 775 805 800)
4(774 804 805 775)
4(799 800 805 804)
4(771 776 806 801)
4(775 805 806 776)
4(800 801 806 805)
4(772 777 807 802)
4(776 806 807 777)
4(801 802 807 806)
4(773 778 808 803)
4(777 807 808 778)
4(802 803 808 807)
4(778 808 624 588)
4(803 618 624 808)
4(775 780 810 805)
4(779 809 810 780)
4(804 805 810 809)
4(776 781 811 806)
4(780 810 811 781)
4(805 806 811 810)
4(777 782 812 807)
4(781 811 812 782)
4(806 807 812 811)
4(778 783 813 808)
4(782 812 813 783)
4(807 808 813 812)
4(783 813 630 594)
4(808 624 630 813)
4(780 785 815 810)
4(784 814 815 785)
4(809 810 815 814)
4(781 786 816 811)
4(785 815 816 786)
4(810 811 816 815)
4(782 787 817 812)
4(786 816 817 787)
4(811 812 817 816)
4(783 788 818 813)
4(787 817 818 788)
4(812 813 818 817)
4(788 818 636 600)
4(813 630 636 818)
4(785 790 820 815)
4(814 815 820 819)
4(786 791 821 816)
4(815 816 821 820)
4(787 792 822 817)
4(816 817 822 821)
4(788 793 823 818)
4(817 818 823 822)
4(818 636 642 823)
4(795 800 830 825)
4(799 829 830 800)
4(824 825 830 829)
4(796 801 831 826)
4(800 830 831 801)
4(825 826 831 830)
4(797 802 832 827)
4(801 831 832 802)
4(826 827 832 831)
4(798 803 833 828)
4(802 832 833 803)
4(827 828 833 832)
4(803 833 654 618)
4(828 648 654 833)
4(800 805 835 830)
4(804 834 835 805)
4(829 830 835 834)
4(801 806 836 831)
4(805 835 836 806)
4(830 831 836 835)
4(802 807 837 832)
4(806 836 837 807)
4(831 832 837 836)
4(803 808 838 833)
4(807 837 838 808)
4(832 833 838 837)
4(808 838 660 624)
4(833 654 660 838)
4(805 810 840 835)
4(809 839 840 810)
4(834 835 840 839)
4(806 811 841 836)
4(810 840 841 811)
4(835 836 841 840)
4(807 812 842 837)
4(811 841 842 812)
4(836 837 842 841)
4(808 813 843 838)
4(812 842 843 813)
4(837 838 843 842)
4(813 843 666 630)
4(838 660 666 843)
4(810 815 845 840)
4(814 844 845 815)
4(839 840 845 844)
4(811 816 846 841)
4(815 845 846 816)
4(840 841 846 845)
4(812 817 847 842)
4(816 846 847 817)
4(841 842 847 846)
4(813 818 848 843)
4(817 847 848 818)
4(842 843 848 847)
4(818 848 672 636)
4(843 666 672 848)
4(815 820 850 845)
4(844 845 850 849)
4(816 821 851 846)
4(845 846 851 850)
4(817 822 852 847)
4(846 847 852 851)
4(818 823 853 848)
4(847 848 853 852)
4(848 672 678 853)
4(825 830 860 855)
4(829 859 860 830)
4(854 855 860 859)
4(826 831 861 856)
4(830 860 861 831)
4(855 856 861 860)
4(827 832 862 857)
4(831 861 862 832)
4(856 857 862 861)
4(828 833 863 858)
4(832 862 863 833)
4(857 858 863 862)
4(833 863 690 654)
4(858 684 690 863)
4(830 835 865 860)
4(834 864 865 835)
4(859 860 865 864)
4(831 836 866 861)
4(835 865 866 836)
4(860 861 866 865)
4(832 837 867 862)
4(836 866 867 837)
4(861 862 867 866)
4(833 838 868 863)
4(837 867 868 838)
4(862 863 868 867)
4(838 868 696 660)
4(863 690 696 868)
4(835 840 870 865)
4(839 869 870 840)
4(864 865 870 869)
4(836 841 871 866)
4(840 870 871 841)
4(865 866 871 870)
4(837 842 872 867)
4(841 871 872 842)
4(866 867 872 871)
4(838 843 873 868)
4(842 872 873 843)
4(867 868 873 872)
4(843 873 702 666)
4(868 696 702 873)
4(840 845 875 870)
4(844 874 875 845)
4(869 870 875 874)
4(841 846 876 871)
4(845 875 876 846)
4(870 871 876 875)
4(842 847 877 872)
4(846 876 877 847)
4(871 872 877 876)
4(843 848 878 873)
4(847 877 878 848)
4(872 873 878 877)
4(848 878 708 672)
4(873 702 708 878)
4(845 850 880 875)
4(874 875 880 879)
4(846 851 881 876)
4(875 876 881 880)
4(847 852 882 877)
4(876 877 882 881)
4(848 853 883 878)
4(877 878 883 882)
4(878 708 714 883)
4(855 860 890 885)
4(859 889 890 860)
4(884 885 890 889)
4(856 861 891 886)
4(860 890 891 861)
4(885 886 891 890)
4(857 862 892 887)
4(861 891 892 862)
4(886 887 892 891)
4(858 863 893 888)
4(862 892 893 863)
4(887 888 893 892)
4(863 893 726 690)
4(888 720 726 893)
4(860 865 895 890)
4(864 894 895 865)
4(889 890 895 894)
4(861 866 896 891)
4(865 895 896 866)
4(890 891 896 895)
4(862 867 897 892)
4(866 896 897 867)
4(891 892 897 896)
4(863 868 898 893)
4(867 897 898 868)
4(892 893 898 897)
4(868 898 732 696)
4(893 726 732 898)
4(865 870 900 895)
4(869 899 900 870)
4(894 895 900 899)
4(866 871 901 896)
4(870 900 901 871)
4(895 896 901 900)
4(867 872 902 897)
4(871 901 902 872)
4(896 897 902 901)
4(868 873 903 898)
4(872 902 903 873)
4(897 898 903 902)
4(873 903 738 702)
4(898 732 738 903)
4(870 875 905 900)
4(874 904 905 875)
4(899 900 905 904)
4(871 876 906 901)
4(875 905 906 876)
4(900 901 906 905)
4(872 877 907 902)
4(876 906 907 877)
4(901 902 907 906)
4(873 878 908 903)
4(877 907 908 878)
4(902 903 908 907)
4(878 908 744 708)
4(903 738 744 908)
4(875 880 910 905)
4(904 905 910 909)
4(876 881 911 906)
4(905 906 911 910)
4(877 882 912 907)
4(906 907 912 911)
4(878 883 913 908)
4(907 908 913 912)
4(908 744 750 913)
4(545 551 922 917)
3(551 587 922)
4(581 917 922 587)
4(545 551 923 918)
3(551 922 923)
4(917 918 923 922)
4(545 551 924 919)
3(551 923 924)
4(918 919 924 923)
4(545 551 925 920)
3(551 924 925)
4(919 920 925 924)
4(551 925 926 914)
4(920 921 926 925)
4(551 557 927 922)
3(557 593 927)
4(587 922 927 593)
4(551 557 928 923)
3(557 927 928)
4(922 923 928 927)
4(551 557 929 924)
3(557 928 929)
4(923 924 929 928)
4(551 557 930 925)
3(557 929 930)
4(924 925 930 929)
3(557 930 931)
4(931 930 925 926)
4(557 563 932 927)
3(563 599 932)
4(593 927 932 599)
4(557 563 933 928)
3(563 932 933)
4(927 928 933 932)
4(557 563 934 929)
3(563 933 934)
4(928 929 934 933)
4(557 563 935 930)
3(563 934 935)
4(929 930 935 934)
3(563 935 936)
4(930 931 936 935)
4(563 915 937 932)
4(569 605 937 915)
4(599 932 937 605)
4(563 916 938 933)
4(915 937 938 916)
4(932 933 938 937)
4(563 916 939 934)
3(916 938 939)
4(933 934 939 938)
4(563 916 940 935)
3(916 939 940)
4(934 935 940 939)
3(916 940 941)
4(935 936 941 940)
4(575 942 937 915)
4(942 611 605 937)
4(575 943 938 916)
4(943 942 937 938)
4(916 575 944 939)
4(938 939 944 943)
4(916 575 945 940)
4(939 940 945 944)
4(940 941 946 945)
4(917 922 952 947)
4(587 623 952 922)
4(617 947 952 623)
4(918 923 953 948)
4(922 952 953 923)
4(947 948 953 952)
4(919 924 954 949)
4(923 953 954 924)
4(948 949 954 953)
4(920 925 955 950)
4(924 954 955 925)
4(949 950 955 954)
4(925 955 956 926)
4(950 951 956 955)
4(922 927 957 952)
4(593 629 957 927)
4(623 952 957 629)
4(923 928 958 953)
4(927 957 958 928)
4(952 953 958 957)
4(924 929 959 954)
4(928 958 959 929)
4(953 954 959 958)
4(925 930 960 955)
4(929 959 960 930)
4(954 955 960 959)
4(930 960 961 931)
4(955 956 961 960)
4(927 932 962 957)
4(599 635 962 932)
4(629 957 962 635)
4(928 933 963 958)
4(932 962 963 933)
4(957 958 963 962)
4(929 934 964 959)
4(933 963 964 934)
4(958 959 964 963)
4(930 935 965 960)
4(934 964 965 935)
4(959 960 965 964)
4(935 965 966 936)
4(960 961 966 965)
4(932 937 967 962)
4(605 641 967 937)
4(635 962 967 641)
4(933 938 968 963)
4(937 967 968 938)
4(962 963 968 967)
4(934 939 969 964)
4(938 968 969 939)
4(963 964 969 968)
4(935 940 970 965)
4(939 969 970 940)
4(964 965 970 969)
4(940 970 971 941)
4(965 966 971 970)
4(937 942 972 967)
4(641 967 972 647)
4(938 943 973 968)
4(967 968 973 972)
4(939 944 974 969)
4(968 969 974 973)
4(940 945 975 970)
4(969 970 975 974)
4(970 971 976 975)
4(947 952 982 977)
4(623 659 982 952)
4(653 977 982 659)
4(948 953 983 978)
4(952 982 983 953)
4(977 978 983 982)
4(949 954 984 979)
4(953 983 984 954)
4(978 979 984 983)
4(950 955 985 980)
4(954 984 985 955)
4(979 980 985 984)
4(955 985 986 956)
4(980 981 986 985)
4(952 957 987 982)
4(629 665 987 957)
4(659 982 987 665)
4(953 958 988 983)
4(957 987 988 958)
4(982 983 988 987)
4(954 959 989 984)
4(958 988 989 959)
4(983 984 989 988)
4(955 960 990 985)
4(959 989 990 960)
4(984 985 990 989)
4(960 990 991 961)
4(985 986 991 990)
4(957 962 992 987)
4(635 671 992 962)
4(665 987 992 671)
4(958 963 993 988)
4(962 992 993 963)
4(987 988 993 992)
4(959 964 994 989)
4(963 993 994 964)
4(988 989 994 993)
4(960 965 995 990)
4(964 994 995 965)
4(989 990 995 994)
4(965 995 996 966)
4(990 991 996 995)
4(962 967 997 992)
4(641 677 997 967)
4(671 992 997 677)
4(963 968 998 993)
4(967 997 998 968)
4(992 993 998 997)
4(964 969 999 994)
4(968 998 999 969)
4(993 994 999 998)
4(965 970 1000 995)
4(969 999 1000 970)
4(994 995 1000 999)
4(970 1000 1001 971)
4(995 996 1001 1000)
4(967 972 1002 997)
4(677 997 1002 683)
4(968 973 1003 998)
4(997 998 1003 1002)
4(969 974 1004 999)
4(998 999 1004 1003)
4(970 975 1005 1000)
4(999 1000 1005 1004)
4(1000 1001 1006 1005)
4(977 982 1012 1007)
4(659 695 1012 982)
4(689 1007 1012 695)
4(978 983 1013 1008)
4(982 1012 1013 983)
4(1007 1008 1013 1012)
4(979 984 1014 1009)
4(983 1013 1014 984)
4(1008 1009 1014 1013)
4(980 985 1015 1010)
4(984 1014 1015 985)
4(1009 1010 1015 1014)
4(985 1015 1016 986)
4(1010 1011 1016 1015)
4(982 987 1017 1012)
4(665 701 1017 987)
4(695 1012 1017 701)
4(983 988 1018 1013)
4(987 1017 1018 988)
4(1012 1013 1018 1017)
4(984 989 1019 1014)
4(988 1018 1019 989)
4(1013 1014 1019 1018)
4(985 990 1020 1015)
4(989 1019 1020 990)
4(1014 1015 1020 1019)
4(990 1020 1021 991)
4(1015 1016 1021 1020)
4(987 992 1022 1017)
4(671 707 1022 992)
4(701 1017 1022 707)
4(988 993 1023 1018)
4(992 1022 1023 993)
4(1017 1018 1023 1022)
4(989 994 1024 1019)
4(993 1023 1024 994)
4(1018 1019 1024 1023)
4(990 995 1025 1020)
4(994 1024 1025 995)
4(1019 1020 1025 1024)
4(995 1025 1026 996)
4(1020 1021 1026 1025)
4(992 997 1027 1022)
4(677 713 1027 997)
4(707 1022 1027 713)
4(993 998 1028 1023)
4(997 1027 1028 998)
4(1022 1023 1028 1027)
4(994 999 1029 1024)
4(998 1028 1029 999)
4(1023 1024 1029 1028)
4(995 1000 1030 1025)
4(999 1029 1030 1000)
4(1024 1025 1030 1029)
4(1000 1030 1031 1001)
4(1025 1026 1031 1030)
4(997 1002 1032 1027)
4(713 1027 1032 719)
4(998 1003 1033 1028)
4(1027 1028 1033 1032)
4(999 1004 1034 1029)
4(1028 1029 1034 1033)
4(1000 1005 1035 1030)
4(1029 1030 1035 1034)
4(1030 1031 1036 1035)
4(1007 1012 1042 1037)
4(695 731 1042 1012)
4(725 1037 1042 731)
4(1008 1013 1043 1038)
4(1012 1042 1043 1013)
4(1037 1038 1043 1042)
4(1009 1014 1044 1039)
4(1013 1043 1044 1014)
4(1038 1039 1044 1043)
4(1010 1015 1045 1040)
4(1014 1044 1045 1015)
4(1039 1040 1045 1044)
4(1015 1045 1046 1016)
4(1040 1041 1046 1045)
4(1012 1017 1047 1042)
4(701 737 1047 1017)
4(731 1042 1047 737)
4(1013 1018 1048 1043)
4(1017 1047 1048 1018)
4(1042 1043 1048 1047)
4(1014 1019 1049 1044)
4(1018 1048 1049 1019)
4(1043 1044 1049 1048)
4(1015 1020 1050 1045)
4(1019 1049 1050 1020)
4(1044 1045 1050 1049)
4(1020 1050 1051 1021)
4(1045 1046 1051 1050)
4(1017 1022 1052 1047)
4(707 743 1052 1022)
4(737 1047 1052 743)
4(1018 1023 1053 1048)
4(1022 1052 1053 1023)
4(1047 1048 1053 1052)
4(1019 1024 1054 1049)
4(1023 1053 1054 1024)
4(1048 1049 1054 1053)
4(1020 1025 1055 1050)
4(1024 1054 1055 1025)
4(1049 1050 1055 1054)
4(1025 1055 1056 1026)
4(1050 1051 1056 1055)
4(1022 1027 1057 1052)
4(713 749 1057 1027)
4(743 1052 1057 749)
4(1023 1028 1058 1053)
4(1027 1057 1058 1028)
4(1052 1053 1058 1057)
4(1024 1029 1059 1054)
4(1028 1058 1059 1029)
4(1053 1054 1059 1058)
4(1025 1030 1060 1055)
4(1029 1059 1060 1030)
4(1054 1055 1060 1059)
4(1030 1060 1061 1031)
4(1055 1056 1061 1060)
4(1027 1032 1062 1057)
4(749 1057 1062 755)
4(1028 1033 1063 1058)
4(1057 1058 1063 1062)
4(1029 1034 1064 1059)
4(1058 1059 1064 1063)
4(1030 1035 1065 1060)
4(1059 1060 1065 1064)
4(1060 1061 1066 1065)
4(885 890 1074 1068)
4(889 1073 1074 890)
4(1067 1068 1074 1073)
4(886 891 1075 1069)
4(890 1074 1075 891)
4(1068 1069 1075 1074)
4(887 892 1076 1070)
4(891 1075 1076 892)
4(1069 1070 1076 1075)
4(888 893 1077 1071)
4(892 1076 1077 893)
4(1070 1071 1077 1076)
4(893 1077 1078 726)
4(1071 1072 1078 1077)
4(890 895 1080 1074)
4(894 1079 1080 895)
4(1073 1074 1080 1079)
4(891 896 1081 1075)
4(895 1080 1081 896)
4(1074 1075 1081 1080)
4(892 897 1082 1076)
4(896 1081 1082 897)
4(1075 1076 1082 1081)
4(893 898 1083 1077)
4(897 1082 1083 898)
4(1076 1077 1083 1082)
4(898 1083 1084 732)
4(1077 1078 1084 1083)
4(895 900 1086 1080)
4(899 1085 1086 900)
4(1079 1080 1086 1085)
4(896 901 1087 1081)
4(900 1086 1087 901)
4(1080 1081 1087 1086)
4(897 902 1088 1082)
4(901 1087 1088 902)
4(1081 1082 1088 1087)
4(898 903 1089 1083)
4(902 1088 1089 903)
4(1082 1083 1089 1088)
4(903 1089 1090 738)
4(1083 1084 1090 1089)
4(900 905 1092 1086)
4(904 1091 1092 905)
4(1085 1086 1092 1091)
4(901 906 1093 1087)
4(905 1092 1093 906)
4(1086 1087 1093 1092)
4(902 907 1094 1088)
4(906 1093 1094 907)
4(1087 1088 1094 1093)
4(903 908 1095 1089)
4(907 1094 1095 908)
4(1088 1089 1095 1094)
4(908 1095 1096 744)
4(1089 1090 1096 1095)
4(905 910 1098 1092)
4(1091 1092 1098 1097)
4(906 911 1099 1093)
4(1092 1093 1099 1098)
4(907 912 1100 1094)
4(1093 1094 1100 1099)
4(908 913 1101 1095)
4(1094 1095 1101 1100)
4(1095 1096 1102 1101)
4(1068 1074 1110 1104)
4(1073 1109 1110 1074)
4(1103 1104 1110 1109)
4(1069 1075 1111 1105)
4(1074 1110 1111 1075)
4(1104 1105 1111 1110)
4(1070 1076 1112 1106)
4(1075 1111 1112 1076)
4(1105 1106 1112 1111)
4(1071 1077 1113 1107)
4(1076 1112 1113 1077)
4(1106 1107 1113 1112)
4(1077 1113 1114 1078)
4(1107 1108 1114 1113)
4(1074 1080 1116 1110)
4(1079 1115 1116 1080)
4(1109 1110 1116 1115)
4(1075 1081 1117 1111)
4(1080 1116 1117 1081)
4(1110 1111 1117 1116)
4(1076 1082 1118 1112)
4(1081 1117 1118 1082)
4(1111 1112 1118 1117)
4(1077 1083 1119 1113)
4(1082 1118 1119 1083)
4(1112 1113 1119 1118)
4(1083 1119 1120 1084)
4(1113 1114 1120 1119)
4(1080 1086 1122 1116)
4(1085 1121 1122 1086)
4(1115 1116 1122 1121)
4(1081 1087 1123 1117)
4(1086 1122 1123 1087)
4(1116 1117 1123 1122)
4(1082 1088 1124 1118)
4(1087 1123 1124 1088)
4(1117 1118 1124 1123)
4(1083 1089 1125 1119)
4(1088 1124 1125 1089)
4(1118 1119 1125 1124)
4(1089 1125 1126 1090)
4(1119 1120 1126 1125)
4(1086 1092 1128 1122)
4(1091 1127 1128 1092)
4(1121 1122 1128 1127)
4(1087 1093 1129 1123)
4(1092 1128 1129 1093)
4(1122 1123 1129 1128)
4(1088 1094 1130 1124)
4(1093 1129 1130 1094)
4(1123 1124 1130 1129)
4(1089 1095 1131 1125)
4(1094 1130 1131 1095)
4(1124 1125 1131 1130)
4(1095 1131 1132 1096)
4(1125 1126 1132 1131)
4(1092 1098 1134 1128)
4(1127 1128 1134 1133)
4(1093 1099 1135 1129)
4(1128 1129 1135 1134)
4(1094 1100 1136 1130)
4(1129 1130 1136 1135)
4(1095 1101 1137 1131)
4(1130 1131 1137 1136)
4(1131 1132 1138 1137)
4(1104 1110 1146 1140)
4(1109 1145 1146 1110)
4(1139 1140 1146 1145)
4(1105 1111 1147 1141)
4(1110 1146 1147 1111)
4(1140 1141 1147 1146)
4(1106 1112 1148 1142)
4(1111 1147 1148 1112)
4(1141 1142 1148 1147)
4(1107 1113 1149 1143)
4(1112 1148 1149 1113)
4(1142 1143 1149 1148)
4(1113 1149 1150 1114)
4(1143 1144 1150 1149)
4(1110 1116 1152 1146)
4(1115 1151 1152 1116)
4(1145 1146 1152 1151)
4(1111 1117 1153 1147)
4(1116 1152 1153 1117)
4(1146 1147 1153 1152)
4(1112 1118 1154 1148)
4(1117 1153 1154 1118)
4(1147 1148 1154 1153)
4(1113 1119 1155 1149)
4(1118 1154 1155 1119)
4(1148 1149 1155 1154)
4(1119 1155 1156 1120)
4(1149 1150 1156 1155)
4(1116 1122 1158 1152)
4(1121 1157 1158 1122)
4(1151 1152 1158 1157)
4(1117 1123 1159 1153)
4(1122 1158 1159 1123)
4(1152 1153 1159 1158)
4(1118 1124 1160 1154)
4(1123 1159 1160 1124)
4(1153 1154 1160 1159)
4(1119 1125 1161 1155)
4(1124 1160 1161 1125)
4(1154 1155 1161 1160)
4(1125 1161 1162 1126)
4(1155 1156 1162 1161)
4(1122 1128 1164 1158)
4(1127 1163 1164 1128)
4(1157 1158 1164 1163)
4(1123 1129 1165 1159)
4(1128 1164 1165 1129)
4(1158 1159 1165 1164)
4(1124 1130 1166 1160)
4(1129 1165 1166 1130)
4(1159 1160 1166 1165)
4(1125 1131 1167 1161)
4(1130 1166 1167 1131)
4(1160 1161 1167 1166)
4(1131 1167 1168 1132)
4(1161 1162 1168 1167)
4(1128 1134 1170 1164)
4(1163 1164 1170 1169)
4(1129 1135 1171 1165)
4(1164 1165 1171 1170)
4(1130 1136 1172 1166)
4(1165 1166 1172 1171)
4(1131 1137 1173 1167)
4(1166 1167 1173 1172)
4(1167 1168 1174 1173)
4(1140 1146 1182 1176)
4(1145 1181 1182 1146)
4(1175 1176 1182 1181)
4(1141 1147 1183 1177)
4(1146 1182 1183 1147)
4(1176 1177 1183 1182)
4(1142 1148 1184 1178)
4(1147 1183 1184 1148)
4(1177 1178 1184 1183)
4(1143 1149 1185 1179)
4(1148 1184 1185 1149)
4(1178 1179 1185 1184)
4(1149 1185 1186 1150)
4(1179 1180 1186 1185)
4(1146 1152 1188 1182)
4(1151 1187 1188 1152)
4(1181 1182 1188 1187)
4(1147 1153 1189 1183)
4(1152 1188 1189 1153)
4(1182 1183 1189 1188)
4(1148 1154 1190 1184)
4(1153 1189 1190 1154)
4(1183 1184 1190 1189)
4(1149 1155 1191 1185)
4(1154 1190 1191 1155)
4(1184 1185 1191 1190)
4(1155 1191 1192 1156)
4(1185 1186 1192 1191)
4(1152 1158 1194 1188)
4(1157 1193 1194 1158)
4(1187 1188 1194 1193)
4(1153 1159 1195 1189)
4(1158 1194 1195 1159)
4(1188 1189 1195 1194)
4(1154 1160 1196 1190)
4(1159 1195 1196 1160)
4(1189 1190 1196 1195)
4(1155 1161 1197 1191)
4(1160 1196 1197 1161)
4(1190 1191 1197 1196)
4(1161 1197 1198 1162)
4(1191 1192 1198 1197)
4(1158 1164 1200 1194)
4(1163 1199 1200 1164)
4(1193 1194 1200 1199)
4(1159 1165 1201 1195)
4(1164 1200 1201 1165)
4(1194 1195 1201 1200)
4(1160 1166 1202 1196)
4(1165 1201 1202 1166)
4(1195 1196 1202 1201)
4(1161 1167 1203 1197)
4(1166 1202 1203 1167)
4(1196 1197 1203 1202)
4(1167 1203 1204 1168)
4(1197 1198 1204 1203)
4(1164 1170 1206 1200)
4(1199 1200 1206 1205)
4(1165 1171 1207 1201)
4(1200 1201 1207 1206)
4(1166 1172 1208 1202)
4(1201 1202 1208 1207)
4(1167 1173 1209 1203)
4(1202 1203 1209 1208)
4(1203 1204 1210 1209)
4(1176 1182 1218 1212)
4(1181 1217 1218 1182)
4(1177 1183 1219 1213)
4(1182 1218 1219 1183)
4(1178 1184 1220 1214)
4(1183 1219 1220 1184)
4(1179 1185 1221 1215)
4(1184 1220 1221 1185)
4(1185 1221 1222 1186)
4(1182 1188 1224 1218)
4(1187 1223 1224 1188)
4(1183 1189 1225 1219)
4(1188 1224 1225 1189)
4(1184 1190 1226 1220)
4(1189 1225 1226 1190)
4(1185 1191 1227 1221)
4(1190 1226 1227 1191)
4(1191 1227 1228 1192)
4(1188 1194 1230 1224)
4(1193 1229 1230 1194)
4(1189 1195 1231 1225)
4(1194 1230 1231 1195)
4(1190 1196 1232 1226)
4(1195 1231 1232 1196)
4(1191 1197 1233 1227)
4(1196 1232 1233 1197)
4(1197 1233 1234 1198)
4(1194 1200 1236 1230)
4(1199 1235 1236 1200)
4(1195 1201 1237 1231)
4(1200 1236 1237 1201)
4(1196 1202 1238 1232)
4(1201 1237 1238 1202)
4(1197 1203 1239 1233)
4(1202 1238 1239 1203)
4(1203 1239 1240 1204)
4(1200 1206 1242 1236)
4(1201 1207 1243 1237)
4(1202 1208 1244 1238)
4(1203 1209 1245 1239)
4(1037 1042 1254 1248)
4(731 1253 1254 1042)
4(1247 1248 1254 1253)
4(1038 1043 1255 1249)
4(1042 1254 1255 1043)
4(1248 1249 1255 1254)
4(1039 1044 1256 1250)
4(1043 1255 1256 1044)
4(1249 1250 1256 1255)
4(1040 1045 1257 1251)
4(1044 1256 1257 1045)
4(1250 1251 1257 1256)
4(1045 1257 1258 1046)
4(1251 1252 1258 1257)
4(1042 1047 1260 1254)
4(737 1259 1260 1047)
4(1253 1254 1260 1259)
4(1043 1048 1261 1255)
4(1047 1260 1261 1048)
4(1254 1255 1261 1260)
4(1044 1049 1262 1256)
4(1048 1261 1262 1049)
4(1255 1256 1262 1261)
4(1045 1050 1263 1257)
4(1049 1262 1263 1050)
4(1256 1257 1263 1262)
4(1050 1263 1264 1051)
4(1257 1258 1264 1263)
4(1047 1052 1266 1260)
4(743 1265 1266 1052)
4(1259 1260 1266 1265)
4(1048 1053 1267 1261)
4(1052 1266 1267 1053)
4(1260 1261 1267 1266)
4(1049 1054 1268 1262)
4(1053 1267 1268 1054)
4(1261 1262 1268 1267)
4(1050 1055 1269 1263)
4(1054 1268 1269 1055)
4(1262 1263 1269 1268)
4(1055 1269 1270 1056)
4(1263 1264 1270 1269)
4(1052 1057 1272 1266)
4(749 1271 1272 1057)
4(1265 1266 1272 1271)
4(1053 1058 1273 1267)
4(1057 1272 1273 1058)
4(1266 1267 1273 1272)
4(1054 1059 1274 1268)
4(1058 1273 1274 1059)
4(1267 1268 1274 1273)
4(1055 1060 1275 1269)
4(1059 1274 1275 1060)
4(1268 1269 1275 1274)
4(1060 1275 1276 1061)
4(1269 1270 1276 1275)
4(1057 1062 1278 1272)
4(1271 1272 1278 1277)
4(1058 1063 1279 1273)
4(1272 1273 1279 1278)
4(1059 1064 1280 1274)
4(1273 1274 1280 1279)
4(1060 1065 1281 1275)
4(1274 1275 1281 1280)
4(1275 1276 1282 1281)
4(1248 1254 1290 1284)
4(1253 1289 1290 1254)
4(1283 1284 1290 1289)
4(1249 1255 1291 1285)
4(1254 1290 1291 1255)
4(1284 1285 1291 1290)
4(1250 1256 1292 1286)
4(1255 1291 1292 1256)
4(1285 1286 1292 1291)
4(1251 1257 1293 1287)
4(1256 1292 1293 1257)
4(1286 1287 1293 1292)
4(1257 1293 1294 1258)
4(1287 1288 1294 1293)
4(1254 1260 1296 1290)
4(1259 1295 1296 1260)
4(1289 1290 1296 1295)
4(1255 1261 1297 1291)
4(1260 1296 1297 1261)
4(1290 1291 1297 1296)
4(1256 1262 1298 1292)
4(1261 1297 1298 1262)
4(1291 1292 1298 1297)
4(1257 1263 1299 1293)
4(1262 1298 1299 1263)
4(1292 1293 1299 1298)
4(1263 1299 1300 1264)
4(1293 1294 1300 1299)
4(1260 1266 1302 1296)
4(1265 1301 1302 1266)
4(1295 1296 1302 1301)
4(1261 1267 1303 1297)
4(1266 1302 1303 1267)
4(1296 1297 1303 1302)
4(1262 1268 1304 1298)
4(1267 1303 1304 1268)
4(1297 1298 1304 1303)
4(1263 1269 1305 1299)
4(1268 1304 1305 1269)
4(1298 1299 1305 1304)
4(1269 1305 1306 1270)
4(1299 1300 1306 1305)
4(1266 1272 1308 1302)
4(1271 1307 1308 1272)
4(1301 1302 1308 1307)
4(1267 1273 1309 1303)
4(1272 1308 1309 1273)
4(1302 1303 1309 1308)
4(1268 1274 1310 1304)
4(1273 1309 1310 1274)
4(1303 1304 1310 1309)
4(1269 1275 1311 1305)
4(1274 1310 1311 1275)
4(1304 1305 1311 1310)
4(1275 1311 1312 1276)
4(1305 1306 1312 1311)
4(1272 1278 1314 1308)
4(1307 1308 1314 1313)
4(1273 1279 1315 1309)
4(1308 1309 1315 1314)
4(1274 1280 1316 1310)
4(1309 1310 1316 1315)
4(1275 1281 1317 1311)
4(1310 1311 1317 1316)
4(1311 1312 1318 1317)
4(1284 1290 1326 1320)
4(1289 1325 1326 1290)
4(1319 1320 1326 1325)
4(1285 1291 1327 1321)
4(1290 1326 1327 1291)
4(1320 1321 1327 1326)
4(1286 1292 1328 1322)
4(1291 1327 1328 1292)
4(1321 1322 1328 1327)
4(1287 1293 1329 1323)
4(1292 1328 1329 1293)
4(1322 1323 1329 1328)
4(1293 1329 1330 1294)
4(1323 1324 1330 1329)
4(1290 1296 1332 1326)
4(1295 1331 1332 1296)
4(1325 1326 1332 1331)
4(1291 1297 1333 1327)
4(1296 1332 1333 1297)
4(1326 1327 1333 1332)
4(1292 1298 1334 1328)
4(1297 1333 1334 1298)
4(1327 1328 1334 1333)
4(1293 1299 1335 1329)
4(1298 1334 1335 1299)
4(1328 1329 1335 1334)
4(1299 1335 1336 1300)
4(1329 1330 1336 1335)
4(1296 1302 1338 1332)
4(1301 1337 1338 1302)
4(1331 1332 1338 1337)
4(1297 1303 1339 1333)
4(1302 1338 1339 1303)
4(1332 1333 1339 1338)
4(1298 1304 1340 1334)
4(1303 1339 1340 1304)
4(1333 1334 1340 1339)
4(1299 1305 1341 1335)
4(1304 1340 1341 1305)
4(1334 1335 1341 1340)
4(1305 1341 1342 1306)
4(1335 1336 1342 1341)
4(1302 1308 1344 1338)
4(1307 1343 1344 1308)
4(1337 1338 1344 1343)
4(1303 1309 1345 1339)
4(1308 1344 1345 1309)
4(1338 1339 1345 1344)
4(1304 1310 1346 1340)
4(1309 1345 1346 1310)
4(1339 1340 1346 1345)
4(1305 1311 1347 1341)
4(1310 1346 1347 1311)
4(1340 1341 1347 1346)
4(1311 1347 1348 1312)
4(1341 1342 1348 1347)
4(1308 1314 1350 1344)
4(1343 1344 1350 1349)
4(1309 1315 1351 1345)
4(1344 1345 1351 1350)
4(1310 1316 1352 1346)
4(1345 1346 1352 1351)
4(1311 1317 1353 1347)
4(1346 1347 1353 1352)
4(1347 1348 1354 1353)
4(1320 1326 1362 1356)
4(1325 1361 1362 1326)
4(1355 1356 1362 1361)
4(1321 1327 1363 1357)
4(1326 1362 1363 1327)
4(1356 1357 1363 1362)
4(1322 1328 1364 1358)
4(1327 1363 1364 1328)
4(1357 1358 1364 1363)
4(1323 1329 1365 1359)
4(1328 1364 1365 1329)
4(1358 1359 1365 1364)
4(1329 1365 1366 1330)
4(1359 1360 1366 1365)
4(1326 1332 1368 1362)
4(1331 1367 1368 1332)
4(1361 1362 1368 1367)
4(1327 1333 1369 1363)
4(1332 1368 1369 1333)
4(1362 1363 1369 1368)
4(1328 1334 1370 1364)
4(1333 1369 1370 1334)
4(1363 1364 1370 1369)
4(1329 1335 1371 1365)
4(1334 1370 1371 1335)
4(1364 1365 1371 1370)
4(1335 1371 1372 1336)
4(1365 1366 1372 1371)
4(1332 1338 1374 1368)
4(1337 1373 1374 1338)
4(1367 1368 1374 1373)
4(1333 1339 1375 1369)
4(1338 1374 1375 1339)
4(1368 1369 1375 1374)
4(1334 1340 1376 1370)
4(1339 1375 1376 1340)
4(1369 1370 1376 1375)
4(1335 1341 1377 1371)
4(1340 1376 1377 1341)
4(1370 1371 1377 1376)
4(1341 1377 1378 1342)
4(1371 1372 1378 1377)
4(1338 1344 1380 1374)
4(1343 1379 1380 1344)
4(1373 1374 1380 1379)
4(1339 1345 1381 1375)
4(1344 1380 1381 1345)
4(1374 1375 1381 1380)
4(1340 1346 1382 1376)
4(1345 1381 1382 1346)
4(1375 1376 1382 1381)
4(1341 1347 1383 1377)
4(1346 1382 1383 1347)
4(1376 1377 1383 1382)
4(1347 1383 1384 1348)
4(1377 1378 1384 1383)
4(1344 1350 1386 1380)
4(1379 1380 1386 1385)
4(1345 1351 1387 1381)
4(1380 1381 1387 1386)
4(1346 1352 1388 1382)
4(1381 1382 1388 1387)
4(1347 1353 1389 1383)
4(1382 1383 1389 1388)
4(1383 1384 1390 1389)
4(1356 1362 1398 1392)
4(1361 1397 1398 1362)
4(1357 1363 1399 1393)
4(1362 1398 1399 1363)
4(1358 1364 1400 1394)
4(1363 1399 1400 1364)
4(1359 1365 1401 1395)
4(1364 1400 1401 1365)
4(1365 1401 1402 1366)
4(1362 1368 1404 1398)
4(1367 1403 1404 1368)
4(1363 1369 1405 1399)
4(1368 1404 1405 1369)
4(1364 1370 1406 1400)
4(1369 1405 1406 1370)
4(1365 1371 1407 1401)
4(1370 1406 1407 1371)
4(1371 1407 1408 1372)
4(1368 1374 1410 1404)
4(1373 1409 1410 1374)
4(1369 1375 1411 1405)
4(1374 1410 1411 1375)
4(1370 1376 1412 1406)
4(1375 1411 1412 1376)
4(1371 1377 1413 1407)
4(1376 1412 1413 1377)
4(1377 1413 1414 1378)
4(1374 1380 1416 1410)
4(1379 1415 1416 1380)
4(1375 1381 1417 1411)
4(1380 1416 1417 1381)
4(1376 1382 1418 1412)
4(1381 1417 1418 1382)
4(1377 1383 1419 1413)
4(1382 1418 1419 1383)
4(1383 1419 1420 1384)
4(1380 1386 1422 1416)
4(1381 1387 1423 1417)
4(1382 1388 1424 1418)
4(1383 1389 1425 1419)
4(1211 1212 1218 1217)
4(1217 1218 1224 1223)
4(1223 1224 1230 1229)
4(1229 1230 1236 1235)
4(1235 1236 1242 1241)
4(1212 1213 1219 1218)
4(1218 1219 1225 1224)
4(1224 1225 1231 1230)
4(1230 1231 1237 1236)
4(1236 1237 1243 1242)
4(1213 1214 1220 1219)
4(1219 1220 1226 1225)
4(1225 1226 1232 1231)
4(1231 1232 1238 1237)
4(1237 1238 1244 1243)
4(1214 1215 1221 1220)
4(1220 1221 1227 1226)
4(1226 1227 1233 1232)
4(1232 1233 1239 1238)
4(1238 1239 1245 1244)
4(1215 1216 1222 1221)
4(1221 1222 1228 1227)
4(1227 1228 1234 1233)
4(1233 1234 1240 1239)
4(1239 1240 1246 1245)
4(1391 1392 1398 1397)
4(1397 1398 1404 1403)
4(1403 1404 1410 1409)
4(1409 1410 1416 1415)
4(1415 1416 1422 1421)
4(1392 1393 1399 1398)
4(1398 1399 1405 1404)
4(1404 1405 1411 1410)
4(1410 1411 1417 1416)
4(1416 1417 1423 1422)
4(1393 1394 1400 1399)
4(1399 1400 1406 1405)
4(1405 1406 1412 1411)
4(1411 1412 1418 1417)
4(1417 1418 1424 1423)
4(1394 1395 1401 1400)
4(1400 1401 1407 1406)
4(1406 1407 1413 1412)
4(1412 1413 1419 1418)
4(1418 1419 1425 1424)
4(1395 1396 1402 1401)
4(1401 1402 1408 1407)
4(1407 1408 1414 1413)
4(1413 1414 1420 1419)
4(1419 1420 1426 1425)
4(185 191 227 221)
4(191 197 233 227)
4(197 203 239 233)
4(203 209 245 239)
4(209 215 251 245)
4(221 227 263 257)
4(227 233 269 263)
4(233 239 275 269)
4(239 245 281 275)
4(245 251 287 281)
4(257 263 299 293)
4(263 269 305 299)
4(269 275 311 305)
4(275 281 317 311)
4(281 287 323 317)
4(293 299 335 329)
4(299 305 341 335)
4(305 311 347 341)
4(311 317 353 347)
4(317 323 359 353)
4(329 335 371 365)
4(335 341 377 371)
4(341 347 383 377)
4(347 353 389 383)
4(353 359 395 389)
4(180 216 222 186)
4(186 222 228 192)
4(192 228 234 198)
4(198 234 240 204)
4(204 240 246 210)
4(216 252 258 222)
4(222 258 264 228)
4(228 264 270 234)
4(234 270 276 240)
4(240 276 282 246)
4(252 288 294 258)
4(258 294 300 264)
4(264 300 306 270)
4(270 306 312 276)
4(276 312 318 282)
4(288 324 330 294)
4(294 330 336 300)
4(300 336 342 306)
4(306 342 348 312)
4(312 348 354 318)
4(324 360 366 330)
4(330 366 372 336)
4(336 372 378 342)
4(342 378 384 348)
4(348 384 390 354)
4(0 6 7 1)
4(6 12 13 7)
4(12 18 19 13)
4(18 24 25 19)
4(24 30 31 25)
4(1 7 8 2)
4(7 13 14 8)
4(13 19 20 14)
4(19 25 26 20)
4(25 31 32 26)
4(2 8 9 3)
4(8 14 15 9)
4(14 20 21 15)
4(20 26 27 21)
4(26 32 33 27)
4(3 9 10 4)
4(9 15 16 10)
4(15 21 22 16)
4(21 27 28 22)
4(27 33 34 28)
4(4 10 11 5)
4(10 16 17 11)
4(16 22 23 17)
4(22 28 29 23)
4(28 34 35 29)
4(0 36 42 6)
4(6 42 48 12)
4(12 48 54 18)
4(18 54 60 24)
4(24 60 66 30)
4(36 72 78 42)
4(42 78 84 48)
4(48 84 90 54)
4(54 90 96 60)
4(60 96 102 66)
4(72 108 114 78)
4(78 114 120 84)
4(84 120 126 90)
4(90 126 132 96)
4(96 132 138 102)
4(108 144 150 114)
4(114 150 156 120)
4(120 156 162 126)
4(126 162 168 132)
4(132 168 174 138)
4(144 180 186 150)
4(150 186 192 156)
4(156 192 198 162)
4(162 198 204 168)
4(168 204 210 174)
4(5 11 47 41)
4(11 17 53 47)
4(17 23 59 53)
4(23 29 65 59)
4(29 35 71 65)
4(41 47 83 77)
4(47 53 89 83)
4(53 59 95 89)
4(59 65 101 95)
4(65 71 107 101)
4(77 83 119 113)
4(83 89 125 119)
4(89 95 131 125)
4(95 101 137 131)
4(101 107 143 137)
4(113 119 155 149)
4(119 125 161 155)
4(125 131 167 161)
4(131 137 173 167)
4(137 143 179 173)
4(149 155 191 185)
4(155 161 197 191)
4(161 167 203 197)
4(167 173 209 203)
4(173 179 215 209)
4(360 396 402 366)
4(366 402 408 372)
4(372 408 414 378)
4(378 414 420 384)
4(384 420 426 390)
4(396 432 438 402)
4(402 438 444 408)
4(408 444 450 414)
4(414 450 456 420)
4(420 456 462 426)
4(432 468 474 438)
4(438 474 480 444)
4(444 480 486 450)
4(450 486 492 456)
4(456 492 498 462)
4(468 504 510 474)
4(474 510 516 480)
4(480 516 522 486)
4(486 522 528 492)
4(492 528 534 498)
4(504 540 546 510)
4(510 546 552 516)
4(516 552 558 522)
4(522 558 564 528)
4(528 564 570 534)
4(365 371 407 401)
4(371 377 413 407)
4(377 383 419 413)
4(383 389 425 419)
4(389 395 431 425)
4(401 407 443 437)
4(407 413 449 443)
4(413 419 455 449)
4(419 425 461 455)
4(425 431 467 461)
4(437 443 479 473)
4(443 449 485 479)
4(449 455 491 485)
4(455 461 497 491)
4(461 467 503 497)
4(473 479 515 509)
4(479 485 521 515)
4(485 491 527 521)
4(491 497 533 527)
4(497 503 539 533)
4(509 515 551 545)
4(515 521 557 551)
4(521 527 563 557)
4(527 533 569 563)
4(533 539 575 569)
3(759 760 761)
3(763 761 760)
3(759 761 762)
3(763 762 761)
3(757 540 756)
3(762 763 570)
3(757 758 552)
4(758 759 558 552)
4(759 762 564 558)
3(570 564 762)
3(540 757 546)
3(552 546 757)
3(563 569 915)
3(575 915 569)
3(563 915 916)
3(575 916 915)
3(545 551 914)
3(557 914 551)
4(1041 1046 1258 1252)
4(1046 1051 1264 1258)
4(1051 1056 1270 1264)
4(1056 1061 1276 1270)
4(1061 1066 1282 1276)
4(1252 1258 1294 1288)
4(1258 1264 1300 1294)
4(1264 1270 1306 1300)
4(1270 1276 1312 1306)
4(1276 1282 1318 1312)
4(1288 1294 1330 1324)
4(1294 1300 1336 1330)
4(1300 1306 1342 1336)
4(1306 1312 1348 1342)
4(1312 1318 1354 1348)
4(1324 1330 1366 1360)
4(1330 1336 1372 1366)
4(1336 1342 1378 1372)
4(1342 1348 1384 1378)
4(1348 1354 1390 1384)
4(1360 1366 1402 1396)
4(1366 1372 1408 1402)
4(1372 1378 1414 1408)
4(1378 1384 1420 1414)
4(1384 1390 1426 1420)
4(725 1247 1253 731)
4(731 1253 1259 737)
4(737 1259 1265 743)
4(743 1265 1271 749)
4(749 1271 1277 755)
4(1247 1283 1289 1253)
4(1253 1289 1295 1259)
4(1259 1295 1301 1265)
4(1265 1301 1307 1271)
4(1271 1307 1313 1277)
4(1283 1319 1325 1289)
4(1289 1325 1331 1295)
4(1295 1331 1337 1301)
4(1301 1337 1343 1307)
4(1307 1343 1349 1313)
4(1319 1355 1361 1325)
4(1325 1361 1367 1331)
4(1331 1367 1373 1337)
4(1337 1373 1379 1343)
4(1343 1379 1385 1349)
4(1355 1391 1397 1361)
4(1361 1397 1403 1367)
4(1367 1403 1409 1373)
4(1373 1409 1415 1379)
4(1379 1415 1421 1385)
4(720 726 1078 1072)
4(726 732 1084 1078)
4(732 738 1090 1084)
4(738 744 1096 1090)
4(744 750 1102 1096)
4(1072 1078 1114 1108)
4(1078 1084 1120 1114)
4(1084 1090 1126 1120)
4(1090 1096 1132 1126)
4(1096 1102 1138 1132)
4(1108 1114 1150 1144)
4(1114 1120 1156 1150)
4(1120 1126 1162 1156)
4(1126 1132 1168 1162)
4(1132 1138 1174 1168)
4(1144 1150 1186 1180)
4(1150 1156 1192 1186)
4(1156 1162 1198 1192)
4(1162 1168 1204 1198)
4(1168 1174 1210 1204)
4(1180 1186 1222 1216)
4(1186 1192 1228 1222)
4(1192 1198 1234 1228)
4(1198 1204 1240 1234)
4(1204 1210 1246 1240)
4(884 1067 1073 889)
4(889 1073 1079 894)
4(894 1079 1085 899)
4(899 1085 1091 904)
4(904 1091 1097 909)
4(1067 1103 1109 1073)
4(1073 1109 1115 1079)
4(1079 1115 1121 1085)
4(1085 1121 1127 1091)
4(1091 1127 1133 1097)
4(1103 1139 1145 1109)
4(1109 1145 1151 1115)
4(1115 1151 1157 1121)
4(1121 1157 1163 1127)
4(1127 1163 1169 1133)
4(1139 1175 1181 1145)
4(1145 1181 1187 1151)
4(1151 1187 1193 1157)
4(1157 1193 1199 1163)
4(1163 1199 1205 1169)
4(1175 1211 1217 1181)
4(1181 1217 1223 1187)
4(1187 1223 1229 1193)
4(1193 1229 1235 1199)
4(1199 1235 1241 1205)
4(720 721 727 726)
4(726 727 733 732)
4(732 733 739 738)
4(738 739 745 744)
4(744 745 751 750)
4(721 722 728 727)
4(727 728 734 733)
4(733 734 740 739)
4(739 740 746 745)
4(745 746 752 751)
4(722 723 729 728)
4(728 729 735 734)
4(734 735 741 740)
4(740 741 747 746)
4(746 747 753 752)
4(723 724 730 729)
4(729 730 736 735)
4(735 736 742 741)
4(741 742 748 747)
4(747 748 754 753)
4(724 725 731 730)
4(730 731 737 736)
4(736 737 743 742)
4(742 743 749 748)
4(748 749 755 754)
4(0 1 37 36)
4(36 37 73 72)
4(72 73 109 108)
4(108 109 145 144)
4(144 145 181 180)
4(1 2 38 37)
4(37 38 74 73)
4(73 74 110 109)
4(109 110 146 145)
4(145 146 182 181)
4(2 3 39 38)
4(38 39 75 74)
4(74 75 111 110)
4(110 111 147 146)
4(146 147 183 182)
4(3 4 40 39)
4(39 40 76 75)
4(75 76 112 111)
4(111 112 148 147)
4(147 148 184 183)
4(4 5 41 40)
4(40 41 77 76)
4(76 77 113 112)
4(112 113 149 148)
4(148 149 185 184)
4(30 66 67 31)
4(66 102 103 67)
4(102 138 139 103)
4(138 174 175 139)
4(174 210 211 175)
4(31 67 68 32)
4(67 103 104 68)
4(103 139 140 104)
4(139 175 176 140)
4(175 211 212 176)
4(32 68 69 33)
4(68 104 105 69)
4(104 140 141 105)
4(140 176 177 141)
4(176 212 213 177)
4(33 69 70 34)
4(69 105 106 70)
4(105 141 142 106)
4(141 177 178 142)
4(177 213 214 178)
4(34 70 71 35)
4(70 106 107 71)
4(106 142 143 107)
4(142 178 179 143)
4(178 214 215 179)
4(180 181 217 216)
4(216 217 253 252)
4(252 253 289 288)
4(288 289 325 324)
4(324 325 361 360)
4(181 182 218 217)
4(217 218 254 253)
4(253 254 290 289)
4(289 290 326 325)
4(325 326 362 361)
4(182 183 219 218)
4(218 219 255 254)
4(254 255 291 290)
4(290 291 327 326)
4(326 327 363 362)
4(183 184 220 219)
4(219 220 256 255)
4(255 256 292 291)
4(291 292 328 327)
4(327 328 364 363)
4(184 185 221 220)
4(220 221 257 256)
4(256 257 293 292)
4(292 293 329 328)
4(328 329 365 364)
4(210 246 247 211)
4(246 282 283 247)
4(282 318 319 283)
4(318 354 355 319)
4(354 390 391 355)
4(211 247 248 212)
4(247 283 284 248)
4(283 319 320 284)
4(319 355 356 320)
4(355 391 392 356)
4(212 248 249 213)
4(248 284 285 249)
4(284 320 321 285)
4(320 356 357 321)
4(356 392 393 357)
4(213 249 250 214)
4(249 285 286 250)
4(285 321 322 286)
4(321 357 358 322)
4(357 393 394 358)
4(214 250 251 215)
4(250 286 287 251)
4(286 322 323 287)
4(322 358 359 323)
4(358 394 395 359)
4(360 361 397 396)
4(396 397 433 432)
4(432 433 469 468)
4(468 469 505 504)
4(504 505 541 540)
4(361 362 398 397)
4(397 398 434 433)
4(433 434 470 469)
4(469 470 506 505)
4(505 506 542 541)
4(362 363 399 398)
4(398 399 435 434)
4(434 435 471 470)
4(470 471 507 506)
4(506 507 543 542)
4(363 364 400 399)
4(399 400 436 435)
4(435 436 472 471)
4(471 472 508 507)
4(507 508 544 543)
4(364 365 401 400)
4(400 401 437 436)
4(436 437 473 472)
4(472 473 509 508)
4(508 509 545 544)
4(390 426 427 391)
4(426 462 463 427)
4(462 498 499 463)
4(498 534 535 499)
4(534 570 571 535)
4(391 427 428 392)
4(427 463 464 428)
4(463 499 500 464)
4(499 535 536 500)
4(535 571 572 536)
4(392 428 429 393)
4(428 464 465 429)
4(464 500 501 465)
4(500 536 537 501)
4(536 572 573 537)
4(393 429 430 394)
4(429 465 466 430)
4(465 501 502 466)
4(501 537 538 502)
4(537 573 574 538)
4(394 430 431 395)
4(430 466 467 431)
4(466 502 503 467)
4(502 538 539 503)
4(538 574 575 539)
4(540 541 577 576)
4(576 577 613 612)
4(612 613 649 648)
4(648 649 685 684)
4(684 685 721 720)
4(541 542 578 577)
4(577 578 614 613)
4(613 614 650 649)
4(649 650 686 685)
4(685 686 722 721)
4(542 543 579 578)
4(578 579 615 614)
4(614 615 651 650)
4(650 651 687 686)
4(686 687 723 722)
4(543 544 580 579)
4(579 580 616 615)
4(615 616 652 651)
4(651 652 688 687)
4(687 688 724 723)
4(544 545 581 580)
4(580 581 617 616)
4(616 617 653 652)
4(652 653 689 688)
4(688 689 725 724)
4(570 606 607 571)
4(606 642 643 607)
4(642 678 679 643)
4(678 714 715 679)
4(714 750 751 715)
4(571 607 608 572)
4(607 643 644 608)
4(643 679 680 644)
4(679 715 716 680)
4(715 751 752 716)
4(572 608 609 573)
4(608 644 645 609)
4(644 680 681 645)
4(680 716 717 681)
4(716 752 753 717)
4(573 609 610 574)
4(609 645 646 610)
4(645 681 682 646)
4(681 717 718 682)
4(717 753 754 718)
4(574 610 611 575)
4(610 646 647 611)
4(646 682 683 647)
4(682 718 719 683)
4(718 754 755 719)
4(884 885 1068 1067)
4(1067 1068 1104 1103)
4(1103 1104 1140 1139)
4(1139 1140 1176 1175)
4(1175 1176 1212 1211)
4(885 886 1069 1068)
4(1068 1069 1105 1104)
4(1104 1105 1141 1140)
4(1140 1141 1177 1176)
4(1176 1177 1213 1212)
4(886 887 1070 1069)
4(1069 1070 1106 1105)
4(1105 1106 1142 1141)
4(1141 1142 1178 1177)
4(1177 1178 1214 1213)
4(887 888 1071 1070)
4(1070 1071 1107 1106)
4(1106 1107 1143 1142)
4(1142 1143 1179 1178)
4(1178 1179 1215 1214)
4(888 720 1072 1071)
4(1071 1072 1108 1107)
4(1107 1108 1144 1143)
4(1143 1144 1180 1179)
4(1179 1180 1216 1215)
4(909 1097 1098 910)
4(1097 1133 1134 1098)
4(1133 1169 1170 1134)
4(1169 1205 1206 1170)
4(1205 1241 1242 1206)
4(910 1098 1099 911)
4(1098 1134 1135 1099)
4(1134 1170 1171 1135)
4(1170 1206 1207 1171)
4(1206 1242 1243 1207)
4(911 1099 1100 912)
4(1099 1135 1136 1100)
4(1135 1171 1172 1136)
4(1171 1207 1208 1172)
4(1207 1243 1244 1208)
4(912 1100 1101 913)
4(1100 1136 1137 1101)
4(1136 1172 1173 1137)
4(1172 1208 1209 1173)
4(1208 1244 1245 1209)
4(913 1101 1102 750)
4(1101 1137 1138 1102)
4(1137 1173 1174 1138)
4(1173 1209 1210 1174)
4(1209 1245 1246 1210)
4(725 1037 1248 1247)
4(1247 1248 1284 1283)
4(1283 1284 1320 1319)
4(1319 1320 1356 1355)
4(1355 1356 1392 1391)
4(1037 1038 1249 1248)
4(1248 1249 1285 1284)
4(1284 1285 1321 1320)
4(1320 1321 1357 1356)
4(1356 1357 1393 1392)
4(1038 1039 1250 1249)
4(1249 1250 1286 1285)
4(1285 1286 1322 1321)
4(1321 1322 1358 1357)
4(1357 1358 1394 1393)
4(1039 1040 1251 1250)
4(1250 1251 1287 1286)
4(1286 1287 1323 1322)
4(1322 1323 1359 1358)
4(1358 1359 1395 1394)
4(1040 1041 1252 1251)
4(1251 1252 1288 1287)
4(1287 1288 1324 1323)
4(1323 1324 1360 1359)
4(1359 1360 1396 1395)
4(755 1277 1278 1062)
4(1277 1313 1314 1278)
4(1313 1349 1350 1314)
4(1349 1385 1386 1350)
4(1385 1421 1422 1386)
4(1062 1278 1279 1063)
4(1278 1314 1315 1279)
4(1314 1350 1351 1315)
4(1350 1386 1387 1351)
4(1386 1422 1423 1387)
4(1063 1279 1280 1064)
4(1279 1315 1316 1280)
4(1315 1351 1352 1316)
4(1351 1387 1388 1352)
4(1387 1423 1424 1388)
4(1064 1280 1281 1065)
4(1280 1316 1317 1281)
4(1316 1352 1353 1317)
4(1352 1388 1389 1353)
4(1388 1424 1425 1389)
4(1065 1281 1282 1066)
4(1281 1317 1318 1282)
4(1317 1353 1354 1318)
4(1353 1389 1390 1354)
4(1389 1425 1426 1390)
4(756 764 769 757)
4(757 769 774 758)
4(758 774 779 759)
4(759 779 784 760)
4(763 760 784 789)
4(764 794 799 769)
4(769 799 804 774)
4(774 804 809 779)
4(779 809 814 784)
4(784 814 819 789)
4(794 824 829 799)
4(799 829 834 804)
4(804 834 839 809)
4(809 839 844 814)
4(814 844 849 819)
4(824 854 859 829)
4(829 859 864 834)
4(834 864 869 839)
4(839 869 874 844)
4(844 874 879 849)
4(854 884 889 859)
4(859 889 894 864)
4(864 894 899 869)
4(869 899 904 874)
4(874 904 909 879)
3(756 765 764)
4(764 765 795 794)
4(794 795 825 824)
4(824 825 855 854)
4(854 855 885 884)
3(756 766 765)
4(765 766 796 795)
4(795 796 826 825)
4(825 826 856 855)
4(855 856 886 885)
4(540 767 766 756)
4(766 767 797 796)
4(796 797 827 826)
4(826 827 857 856)
4(856 857 887 886)
3(540 768 767)
4(767 768 798 797)
4(797 798 828 827)
4(827 828 858 857)
4(857 858 888 887)
3(540 576 768)
4(768 576 612 798)
4(798 612 648 828)
4(828 648 684 858)
4(858 684 720 888)
3(763 789 790)
4(789 819 820 790)
4(819 849 850 820)
4(849 879 880 850)
4(879 909 910 880)
3(763 790 791)
4(790 820 821 791)
4(820 850 851 821)
4(850 880 881 851)
4(880 910 911 881)
4(763 791 792 570)
4(791 821 822 792)
4(821 851 852 822)
4(851 881 882 852)
4(881 911 912 882)
3(570 792 793)
4(792 822 823 793)
4(822 852 853 823)
4(852 882 883 853)
4(882 912 913 883)
3(570 793 606)
4(793 823 642 606)
4(823 853 678 642)
4(853 883 714 678)
4(883 913 750 714)
4(545 914 926 921)
4(557 931 926 914)
4(557 563 936 931)
4(563 916 941 936)
4(916 575 946 941)
4(921 926 956 951)
4(926 931 961 956)
4(931 936 966 961)
4(936 941 971 966)
4(941 946 976 971)
4(951 956 986 981)
4(956 961 991 986)
4(961 966 996 991)
4(966 971 1001 996)
4(971 976 1006 1001)
4(981 986 1016 1011)
4(986 991 1021 1016)
4(991 996 1026 1021)
4(996 1001 1031 1026)
4(1001 1006 1036 1031)
4(1011 1016 1046 1041)
4(1016 1021 1051 1046)
4(1021 1026 1056 1051)
4(1026 1031 1061 1056)
4(1031 1036 1066 1061)
3(545 917 581)
4(581 917 947 617)
4(617 947 977 653)
4(653 977 1007 689)
4(689 1007 1037 725)
3(545 918 917)
4(917 918 948 947)
4(947 948 978 977)
4(977 978 1008 1007)
4(1007 1008 1038 1037)
3(545 919 918)
4(918 919 949 948)
4(948 949 979 978)
4(978 979 1009 1008)
4(1008 1009 1039 1038)
3(545 920 919)
4(919 920 950 949)
4(949 950 980 979)
4(979 980 1010 1009)
4(1009 1010 1040 1039)
3(545 921 920)
4(920 921 951 950)
4(950 951 981 980)
4(980 981 1011 1010)
4(1010 1011 1041 1040)
3(575 611 942)
4(611 647 972 942)
4(647 683 1002 972)
4(683 719 1032 1002)
4(719 755 1062 1032)
3(575 942 943)
4(942 972 973 943)
4(972 1002 1003 973)
4(1002 1032 1033 1003)
4(1032 1062 1063 1033)
3(575 943 944)
4(943 973 974 944)
4(973 1003 1004 974)
4(1003 1033 1034 1004)
4(1033 1063 1064 1034)
3(575 944 945)
4(944 974 975 945)
4(974 1004 1005 975)
4(1004 1034 1035 1005)
4(1034 1064 1065 1035)
3(575 945 946)
4(945 975 976 946)
4(975 1005 1006 976)
4(1005 1035 1036 1006)
4(1035 1065 1066 1036)
)


// ************************************************************************* //
