/*--------------------------------*- C++ -*----------------------------------*\
  =========                 |
  \\      /  F ield         | OpenFOAM: The Open Source CFD Toolbox
   \\    /   O peration     | Website:  https://openfoam.org
    \\  /    A nd           | Version:  6
     \\/     M anipulation  |
\*---------------------------------------------------------------------------*/
FoamFile
{
    version     2.0;
    format      ascii;
    class       vectorField;
    location    "constant/polyMesh";
    object      points;
}
// * * * * * * * * * * * * * * * * * * * * * * * * * * * * * * * * * * * * * //


1427
(
(0 0 0)
(0 0.03 0)
(0 0.06 0)
(0 0.09 0)
(0 0.12 0)
(0 0.15 0)
(-0.002 0 0)
(-0.002 0.03 0)
(-0.002 0.06 0)
(-0.002 0.09 0)
(-0.002 0.12 0)
(-0.002 0.15 0)
(-0.004 0 0)
(-0.004 0.03 0)
(-0.004 0.06 0)
(-0.004 0.09 0)
(-0.004 0.12 0)
(-0.004 0.15 0)
(-0.006 0 0)
(-0.006 0.03 0)
(-0.006 0.06 0)
(-0.006 0.09 0)
(-0.006 0.12 0)
(-0.006 0.15 0)
(-0.008 0 0)
(-0.008 0.03 0)
(-0.008 0.06 0)
(-0.008 0.09 0)
(-0.008 0.12 0)
(-0.008 0.15 0)
(-0.01 0 0)
(-0.01 0.03 0)
(-0.01 0.06 0)
(-0.01 0.09 0)
(-0.01 0.12 0)
(-0.01 0.15 0)
(0 0 0.019)
(0 0.03 0.019)
(0 0.06 0.019)
(0 0.09 0.019)
(0 0.12 0.019)
(0 0.15 0.019)
(-0.002 0 0.019)
(-0.002 0.03 0.019)
(-0.002 0.06 0.019)
(-0.002 0.09 0.019)
(-0.002 0.12 0.019)
(-0.002 0.15 0.019)
(-0.004 0 0.019)
(-0.004 0.03 0.019)
(-0.004 0.06 0.019)
(-0.004 0.09 0.019)
(-0.004 0.12 0.019)
(-0.004 0.15 0.019)
(-0.006 0 0.019)
(-0.006 0.03 0.019)
(-0.006 0.06 0.019)
(-0.006 0.09 0.019)
(-0.006 0.12 0.019)
(-0.006 0.15 0.019)
(-0.008 0 0.019)
(-0.008 0.03 0.019)
(-0.008 0.06 0.019)
(-0.008 0.09 0.019)
(-0.008 0.12 0.019)
(-0.008 0.15 0.019)
(-0.01 0 0.019)
(-0.01 0.03 0.019)
(-0.01 0.06 0.019)
(-0.01 0.09 0.019)
(-0.01 0.12 0.019)
(-0.01 0.15 0.019)
(0 0 0.038)
(0 0.03 0.038)
(0 0.06 0.038)
(0 0.09 0.038)
(0 0.12 0.038)
(0 0.15 0.038)
(-0.002 0 0.038)
(-0.002 0.03 0.038)
(-0.002 0.06 0.038)
(-0.002 0.09 0.038)
(-0.002 0.12 0.038)
(-0.002 0.15 0.038)
(-0.004 0 0.038)
(-0.004 0.03 0.038)
(-0.004 0.06 0.038)
(-0.004 0.09 0.038)
(-0.004 0.12 0.038)
(-0.004 0.15 0.038)
(-0.006 0 0.038)
(-0.006 0.03 0.038)
(-0.006 0.06 0.038)
(-0.006 0.09 0.038)
(-0.006 0.12 0.038)
(-0.006 0.15 0.038)
(-0.008 0 0.038)
(-0.008 0.03 0.038)
(-0.008 0.06 0.038)
(-0.008 0.09 0.038)
(-0.008 0.12 0.038)
(-0.008 0.15 0.038)
(-0.01 0 0.038)
(-0.01 0.03 0.038)
(-0.01 0.06 0.038)
(-0.01 0.09 0.038)
(-0.01 0.12 0.038)
(-0.01 0.15 0.038)
(0 0 0.057)
(0 0.03 0.057)
(0 0.06 0.057)
(0 0.09 0.057)
(0 0.12 0.057)
(0 0.15 0.057)
(-0.002 0 0.057)
(-0.002 0.03 0.057)
(-0.002 0.06 0.057)
(-0.002 0.09 0.057)
(-0.002 0.12 0.057)
(-0.002 0.15 0.057)
(-0.004 0 0.057)
(-0.004 0.03 0.057)
(-0.004 0.06 0.057)
(-0.004 0.09 0.057)
(-0.004 0.12 0.057)
(-0.004 0.15 0.057)
(-0.006 0 0.057)
(-0.006 0.03 0.057)
(-0.006 0.06 0.057)
(-0.006 0.09 0.057)
(-0.006 0.12 0.057)
(-0.006 0.15 0.057)
(-0.008 0 0.057)
(-0.008 0.03 0.057)
(-0.008 0.06 0.057)
(-0.008 0.09 0.057)
(-0.008 0.12 0.057)
(-0.008 0.15 0.057)
(-0.01 0 0.057)
(-0.01 0.03 0.057)
(-0.01 0.06 0.057)
(-0.01 0.09 0.057)
(-0.01 0.12 0.057)
(-0.01 0.15 0.057)
(0 0 0.076)
(0 0.03 0.076)
(0 0.06 0.076)
(0 0.09 0.076)
(0 0.12 0.076)
(0 0.15 0.076)
(-0.002 0 0.076)
(-0.002 0.03 0.076)
(-0.002 0.06 0.076)
(-0.002 0.09 0.076)
(-0.002 0.12 0.076)
(-0.002 0.15 0.076)
(-0.004 0 0.076)
(-0.004 0.03 0.076)
(-0.004 0.06 0.076)
(-0.004 0.09 0.076)
(-0.004 0.12 0.076)
(-0.004 0.15 0.076)
(-0.006 0 0.076)
(-0.006 0.03 0.076)
(-0.006 0.06 0.076)
(-0.006 0.09 0.076)
(-0.006 0.12 0.076)
(-0.006 0.15 0.076)
(-0.008 0 0.076)
(-0.008 0.03 0.076)
(-0.008 0.06 0.076)
(-0.008 0.09 0.076)
(-0.008 0.12 0.076)
(-0.008 0.15 0.076)
(-0.01 0 0.076)
(-0.01 0.03 0.076)
(-0.01 0.06 0.076)
(-0.01 0.09 0.076)
(-0.01 0.12 0.076)
(-0.01 0.15 0.076)
(0 0 0.095)
(0 0.03 0.095)
(0 0.06 0.095)
(0 0.09 0.095)
(0 0.12 0.095)
(0 0.15 0.095)
(-0.002 0 0.095)
(-0.002 0.03 0.095)
(-0.002 0.06 0.095)
(-0.002 0.09 0.095)
(-0.002 0.12 0.095)
(-0.002 0.15 0.095)
(-0.004 0 0.095)
(-0.004 0.03 0.095)
(-0.004 0.06 0.095)
(-0.004 0.09 0.095)
(-0.004 0.12 0.095)
(-0.004 0.15 0.095)
(-0.006 0 0.095)
(-0.006 0.03 0.095)
(-0.006 0.06 0.095)
(-0.006 0.09 0.095)
(-0.006 0.12 0.095)
(-0.006 0.15 0.095)
(-0.008 0 0.095)
(-0.008 0.03 0.095)
(-0.008 0.06 0.095)
(-0.008 0.09 0.095)
(-0.008 0.12 0.095)
(-0.008 0.15 0.095)
(-0.01 0 0.095)
(-0.01 0.03 0.095)
(-0.01 0.06 0.095)
(-0.01 0.09 0.095)
(-0.01 0.12 0.095)
(-0.01 0.15 0.095)
(0 0 0.097)
(0 0.03 0.097)
(0 0.06 0.097)
(0 0.09 0.097)
(0 0.12 0.097)
(0 0.15 0.097)
(-0.002 0 0.097)
(-0.002 0.03 0.097)
(-0.002 0.06 0.097)
(-0.002 0.09 0.097)
(-0.002 0.12 0.097)
(-0.002 0.15 0.097)
(-0.004 0 0.097)
(-0.004 0.03 0.097)
(-0.004 0.06 0.097)
(-0.004 0.09 0.097)
(-0.004 0.12 0.097)
(-0.004 0.15 0.097)
(-0.006 0 0.097)
(-0.006 0.03 0.097)
(-0.006 0.06 0.097)
(-0.006 0.09 0.097)
(-0.006 0.12 0.097)
(-0.006 0.15 0.097)
(-0.008 0 0.097)
(-0.008 0.03 0.097)
(-0.008 0.06 0.097)
(-0.008 0.09 0.097)
(-0.008 0.12 0.097)
(-0.008 0.15 0.097)
(-0.01 0 0.097)
(-0.01 0.03 0.097)
(-0.01 0.06 0.097)
(-0.01 0.09 0.097)
(-0.01 0.12 0.097)
(-0.01 0.15 0.097)
(0 0 0.099)
(0 0.03 0.099)
(0 0.06 0.099)
(0 0.09 0.099)
(0 0.12 0.099)
(0 0.15 0.099)
(-0.002 0 0.099)
(-0.002 0.03 0.099)
(-0.002 0.06 0.099)
(-0.002 0.09 0.099)
(-0.002 0.12 0.099)
(-0.002 0.15 0.099)
(-0.004 0 0.099)
(-0.004 0.03 0.099)
(-0.004 0.06 0.099)
(-0.004 0.09 0.099)
(-0.004 0.12 0.099)
(-0.004 0.15 0.099)
(-0.006 0 0.099)
(-0.006 0.03 0.099)
(-0.006 0.06 0.099)
(-0.006 0.09 0.099)
(-0.006 0.12 0.099)
(-0.006 0.15 0.099)
(-0.008 0 0.099)
(-0.008 0.03 0.099)
(-0.008 0.06 0.099)
(-0.008 0.09 0.099)
(-0.008 0.12 0.099)
(-0.008 0.15 0.099)
(-0.01 0 0.099)
(-0.01 0.03 0.099)
(-0.01 0.06 0.099)
(-0.01 0.09 0.099)
(-0.01 0.12 0.099)
(-0.01 0.15 0.099)
(0 0 0.101)
(0 0.03 0.101)
(0 0.06 0.101)
(0 0.09 0.101)
(0 0.12 0.101)
(0 0.15 0.101)
(-0.002 0 0.101)
(-0.002 0.03 0.101)
(-0.002 0.06 0.101)
(-0.002 0.09 0.101)
(-0.002 0.12 0.101)
(-0.002 0.15 0.101)
(-0.004 0 0.101)
(-0.004 0.03 0.101)
(-0.004 0.06 0.101)
(-0.004 0.09 0.101)
(-0.004 0.12 0.101)
(-0.004 0.15 0.101)
(-0.006 0 0.101)
(-0.006 0.03 0.101)
(-0.006 0.06 0.101)
(-0.006 0.09 0.101)
(-0.006 0.12 0.101)
(-0.006 0.15 0.101)
(-0.008 0 0.101)
(-0.008 0.03 0.101)
(-0.008 0.06 0.101)
(-0.008 0.09 0.101)
(-0.008 0.12 0.101)
(-0.008 0.15 0.101)
(-0.01 0 0.101)
(-0.01 0.03 0.101)
(-0.01 0.06 0.101)
(-0.01 0.09 0.101)
(-0.01 0.12 0.101)
(-0.01 0.15 0.101)
(0 0 0.103)
(0 0.03 0.103)
(0 0.06 0.103)
(0 0.09 0.103)
(0 0.12 0.103)
(0 0.15 0.103)
(-0.002 0 0.103)
(-0.002 0.03 0.103)
(-0.002 0.06 0.103)
(-0.002 0.09 0.103)
(-0.002 0.12 0.103)
(-0.002 0.15 0.103)
(-0.004 0 0.103)
(-0.004 0.03 0.103)
(-0.004 0.06 0.103)
(-0.004 0.09 0.103)
(-0.004 0.12 0.103)
(-0.004 0.15 0.103)
(-0.006 0 0.103)
(-0.006 0.03 0.103)
(-0.006 0.06 0.103)
(-0.006 0.09 0.103)
(-0.006 0.12 0.103)
(-0.006 0.15 0.103)
(-0.008 0 0.103)
(-0.008 0.03 0.103)
(-0.008 0.06 0.103)
(-0.008 0.09 0.103)
(-0.008 0.12 0.103)
(-0.008 0.15 0.103)
(-0.01 0 0.103)
(-0.01 0.03 0.103)
(-0.01 0.06 0.103)
(-0.01 0.09 0.103)
(-0.01 0.12 0.103)
(-0.01 0.15 0.103)
(0 0 0.105)
(0 0.03 0.105)
(0 0.06 0.105)
(0 0.09 0.105)
(0 0.12 0.105)
(0 0.15 0.105)
(-0.002 0 0.105)
(-0.002 0.03 0.105)
(-0.002 0.06 0.105)
(-0.002 0.09 0.105)
(-0.002 0.12 0.105)
(-0.002 0.15 0.105)
(-0.004 0 0.105)
(-0.004 0.03 0.105)
(-0.004 0.06 0.105)
(-0.004 0.09 0.105)
(-0.004 0.12 0.105)
(-0.004 0.15 0.105)
(-0.006 0 0.105)
(-0.006 0.03 0.105)
(-0.006 0.06 0.105)
(-0.006 0.09 0.105)
(-0.006 0.12 0.105)
(-0.006 0.15 0.105)
(-0.008 0 0.105)
(-0.008 0.03 0.105)
(-0.008 0.06 0.105)
(-0.008 0.09 0.105)
(-0.008 0.12 0.105)
(-0.008 0.15 0.105)
(-0.01 0 0.105)
(-0.01 0.03 0.105)
(-0.01 0.06 0.105)
(-0.01 0.09 0.105)
(-0.01 0.12 0.105)
(-0.01 0.15 0.105)
(0 0 0.144)
(0 0.03 0.144)
(0 0.06 0.144)
(0 0.09 0.144)
(0 0.12 0.144)
(0 0.15 0.144)
(-0.002 0 0.144)
(-0.002 0.03 0.144)
(-0.002 0.06 0.144)
(-0.002 0.09 0.144)
(-0.002 0.12 0.144)
(-0.002 0.15 0.144)
(-0.004 0 0.144)
(-0.004 0.03 0.144)
(-0.004 0.06 0.144)
(-0.004 0.09 0.144)
(-0.004 0.12 0.144)
(-0.004 0.15 0.144)
(-0.006 0 0.144)
(-0.006 0.03 0.144)
(-0.006 0.06 0.144)
(-0.006 0.09 0.144)
(-0.006 0.12 0.144)
(-0.006 0.15 0.144)
(-0.008 0 0.144)
(-0.008 0.03 0.144)
(-0.008 0.06 0.144)
(-0.008 0.09 0.144)
(-0.008 0.12 0.144)
(-0.008 0.15 0.144)
(-0.01 0 0.144)
(-0.01 0.03 0.144)
(-0.01 0.06 0.144)
(-0.01 0.09 0.144)
(-0.01 0.12 0.144)
(-0.01 0.15 0.144)
(0 0 0.183)
(0 0.03 0.183)
(0 0.06 0.183)
(0 0.09 0.183)
(0 0.12 0.183)
(0 0.15 0.183)
(-0.002 0 0.183)
(-0.002 0.03 0.183)
(-0.002 0.06 0.183)
(-0.002 0.09 0.183)
(-0.002 0.12 0.183)
(-0.002 0.15 0.183)
(-0.004 0 0.183)
(-0.004 0.03 0.183)
(-0.004 0.06 0.183)
(-0.004 0.09 0.183)
(-0.004 0.12 0.183)
(-0.004 0.15 0.183)
(-0.006 0 0.183)
(-0.006 0.03 0.183)
(-0.006 0.06 0.183)
(-0.006 0.09 0.183)
(-0.006 0.12 0.183)
(-0.006 0.15 0.183)
(-0.008 0 0.183)
(-0.008 0.03 0.183)
(-0.008 0.06 0.183)
(-0.008 0.09 0.183)
(-0.008 0.12 0.183)
(-0.008 0.15 0.183)
(-0.01 0 0.183)
(-0.01 0.03 0.183)
(-0.01 0.06 0.183)
(-0.01 0.09 0.183)
(-0.01 0.12 0.183)
(-0.01 0.15 0.183)
(0 0 0.222)
(0 0.03 0.222)
(0 0.06 0.222)
(0 0.09 0.222)
(0 0.12 0.222)
(0 0.15 0.222)
(-0.002 0 0.222)
(-0.002 0.03 0.222)
(-0.002 0.06 0.222)
(-0.002 0.09 0.222)
(-0.002 0.12 0.222)
(-0.002 0.15 0.222)
(-0.004 0 0.222)
(-0.004 0.03 0.222)
(-0.004 0.06 0.222)
(-0.004 0.09 0.222)
(-0.004 0.12 0.222)
(-0.004 0.15 0.222)
(-0.006 0 0.222)
(-0.006 0.03 0.222)
(-0.006 0.06 0.222)
(-0.006 0.09 0.222)
(-0.006 0.12 0.222)
(-0.006 0.15 0.222)
(-0.008 0 0.222)
(-0.008 0.03 0.222)
(-0.008 0.06 0.222)
(-0.008 0.09 0.222)
(-0.008 0.12 0.222)
(-0.008 0.15 0.222)
(-0.01 0 0.222)
(-0.01 0.03 0.222)
(-0.01 0.06 0.222)
(-0.01 0.09 0.222)
(-0.01 0.12 0.222)
(-0.01 0.15 0.222)
(0 0 0.261)
(0 0.03 0.261)
(0 0.06 0.261)
(0 0.09 0.261)
(0 0.12 0.261)
(0 0.15 0.261)
(-0.002 0 0.261)
(-0.002 0.03 0.261)
(-0.002 0.06 0.261)
(-0.002 0.09 0.261)
(-0.002 0.12 0.261)
(-0.002 0.15 0.261)
(-0.004 0 0.261)
(-0.004 0.03 0.261)
(-0.004 0.06 0.261)
(-0.004 0.09 0.261)
(-0.004 0.12 0.261)
(-0.004 0.15 0.261)
(-0.006 0 0.261)
(-0.006 0.03 0.261)
(-0.006 0.06 0.261)
(-0.006 0.09 0.261)
(-0.006 0.12 0.261)
(-0.006 0.15 0.261)
(-0.008 0 0.261)
(-0.008 0.03 0.261)
(-0.008 0.06 0.261)
(-0.008 0.09 0.261)
(-0.008 0.12 0.261)
(-0.008 0.15 0.261)
(-0.01 0 0.261)
(-0.01 0.03 0.261)
(-0.01 0.06 0.261)
(-0.01 0.09 0.261)
(-0.01 0.12 0.261)
(-0.01 0.15 0.261)
(0 0 0.3)
(0 0.03 0.3)
(0 0.06 0.3)
(0 0.09 0.3)
(0 0.12 0.3)
(0 0.15 0.3)
(-0.002 0 0.3)
(-0.002 0.03 0.3)
(-0.002 0.06 0.3)
(-0.002 0.09 0.3)
(-0.002 0.12 0.3)
(-0.002 0.15 0.3)
(-0.004 0 0.3)
(-0.004 0.03 0.3)
(-0.004 0.06 0.3)
(-0.004 0.09 0.3)
(-0.004 0.12 0.3)
(-0.004 0.15 0.3)
(-0.006 0 0.3)
(-0.006 0.03 0.3)
(-0.006 0.06 0.3)
(-0.006 0.09 0.3)
(-0.006 0.12 0.3)
(-0.006 0.15 0.3)
(-0.008 0 0.3)
(-0.008 0.03 0.3)
(-0.008 0.06 0.3)
(-0.008 0.09 0.3)
(-0.008 0.12 0.3)
(-0.008 0.15 0.3)
(-0.01 0 0.3)
(-0.01 0.03 0.3)
(-0.01 0.06 0.3)
(-0.01 0.09 0.3)
(-0.01 0.12 0.3)
(-0.01 0.15 0.3)
(0 0 0.306)
(0 0.03 0.306)
(0 0.06 0.306)
(0 0.09 0.306)
(0 0.12 0.306)
(0 0.15 0.306)
(-0.002 0 0.306)
(-0.002 0.03 0.306)
(-0.002 0.06 0.306)
(-0.002 0.09 0.306)
(-0.002 0.12 0.306)
(-0.002 0.15 0.306)
(-0.004 0 0.306)
(-0.004 0.03 0.306)
(-0.004 0.06 0.306)
(-0.004 0.09 0.306)
(-0.004 0.12 0.306)
(-0.004 0.15 0.306)
(-0.006 0 0.306)
(-0.006 0.03 0.306)
(-0.006 0.06 0.306)
(-0.006 0.09 0.306)
(-0.006 0.12 0.306)
(-0.006 0.15 0.306)
(-0.008 0 0.306)
(-0.008 0.03 0.306)
(-0.008 0.06 0.306)
(-0.008 0.09 0.306)
(-0.008 0.12 0.306)
(-0.008 0.15 0.306)
(-0.01 0 0.306)
(-0.01 0.03 0.306)
(-0.01 0.06 0.306)
(-0.01 0.09 0.306)
(-0.01 0.12 0.306)
(-0.01 0.15 0.306)
(0 0 0.312)
(0 0.03 0.312)
(0 0.06 0.312)
(0 0.09 0.312)
(0 0.12 0.312)
(0 0.15 0.312)
(-0.002 0 0.312)
(-0.002 0.03 0.312)
(-0.002 0.06 0.312)
(-0.002 0.09 0.312)
(-0.002 0.12 0.312)
(-0.002 0.15 0.312)
(-0.004 0 0.312)
(-0.004 0.03 0.312)
(-0.004 0.06 0.312)
(-0.004 0.09 0.312)
(-0.004 0.12 0.312)
(-0.004 0.15 0.312)
(-0.006 0 0.312)
(-0.006 0.03 0.312)
(-0.006 0.06 0.312)
(-0.006 0.09 0.312)
(-0.006 0.12 0.312)
(-0.006 0.15 0.312)
(-0.008 0 0.312)
(-0.008 0.03 0.312)
(-0.008 0.06 0.312)
(-0.008 0.09 0.312)
(-0.008 0.12 0.312)
(-0.008 0.15 0.312)
(-0.01 0 0.312)
(-0.01 0.03 0.312)
(-0.01 0.06 0.312)
(-0.01 0.09 0.312)
(-0.01 0.12 0.312)
(-0.01 0.15 0.312)
(0 0 0.318)
(0 0.03 0.318)
(0 0.06 0.318)
(0 0.09 0.318)
(0 0.12 0.318)
(0 0.15 0.318)
(-0.002 0 0.318)
(-0.002 0.03 0.318)
(-0.002 0.06 0.318)
(-0.002 0.09 0.318)
(-0.002 0.12 0.318)
(-0.002 0.15 0.318)
(-0.004 0 0.318)
(-0.004 0.03 0.318)
(-0.004 0.06 0.318)
(-0.004 0.09 0.318)
(-0.004 0.12 0.318)
(-0.004 0.15 0.318)
(-0.006 0 0.318)
(-0.006 0.03 0.318)
(-0.006 0.06 0.318)
(-0.006 0.09 0.318)
(-0.006 0.12 0.318)
(-0.006 0.15 0.318)
(-0.008 0 0.318)
(-0.008 0.03 0.318)
(-0.008 0.06 0.318)
(-0.008 0.09 0.318)
(-0.008 0.12 0.318)
(-0.008 0.15 0.318)
(-0.01 0 0.318)
(-0.01 0.03 0.318)
(-0.01 0.06 0.318)
(-0.01 0.09 0.318)
(-0.01 0.12 0.318)
(-0.01 0.15 0.318)
(0 0 0.324)
(0 0.03 0.324)
(0 0.06 0.324)
(0 0.09 0.324)
(0 0.12 0.324)
(0 0.15 0.324)
(-0.002 0 0.324)
(-0.002 0.03 0.324)
(-0.002 0.06 0.324)
(-0.002 0.09 0.324)
(-0.002 0.12 0.324)
(-0.002 0.15 0.324)
(-0.004 0 0.324)
(-0.004 0.03 0.324)
(-0.004 0.06 0.324)
(-0.004 0.09 0.324)
(-0.004 0.12 0.324)
(-0.004 0.15 0.324)
(-0.006 0 0.324)
(-0.006 0.03 0.324)
(-0.006 0.06 0.324)
(-0.006 0.09 0.324)
(-0.006 0.12 0.324)
(-0.006 0.15 0.324)
(-0.008 0 0.324)
(-0.008 0.03 0.324)
(-0.008 0.06 0.324)
(-0.008 0.09 0.324)
(-0.008 0.12 0.324)
(-0.008 0.15 0.324)
(-0.01 0 0.324)
(-0.01 0.03 0.324)
(-0.01 0.06 0.324)
(-0.01 0.09 0.324)
(-0.01 0.12 0.324)
(-0.01 0.15 0.324)
(0 0 0.33)
(0 0.03 0.33)
(0 0.06 0.33)
(0 0.09 0.33)
(0 0.12 0.33)
(0 0.15 0.33)
(-0.002 0 0.33)
(-0.002 0.03 0.33)
(-0.002 0.06 0.33)
(-0.002 0.09 0.33)
(-0.002 0.12 0.33)
(-0.002 0.15 0.33)
(-0.004 0 0.33)
(-0.004 0.03 0.33)
(-0.004 0.06 0.33)
(-0.004 0.09 0.33)
(-0.004 0.12 0.33)
(-0.004 0.15 0.33)
(-0.006 0 0.33)
(-0.006 0.03 0.33)
(-0.006 0.06 0.33)
(-0.006 0.09 0.33)
(-0.006 0.12 0.33)
(-0.006 0.15 0.33)
(-0.008 0 0.33)
(-0.008 0.03 0.33)
(-0.008 0.06 0.33)
(-0.008 0.09 0.33)
(-0.008 0.12 0.33)
(-0.008 0.15 0.33)
(-0.01 0 0.33)
(-0.01 0.03 0.33)
(-0.01 0.06 0.33)
(-0.01 0.09 0.33)
(-0.01 0.12 0.33)
(-0.01 0.15 0.33)
(0 0 0.3)
(-0.002 0 0.3)
(-0.004 0 0.3)
(-0.006 0 0.3)
(-0.008 0 0.3)
(-0.008 0 0.3)
(-0.008 0 0.3)
(-0.01 0 0.3)
(0 -0.006 0.306)
(0 -0.0048 0.306)
(0 -0.0036 0.306)
(0 -0.0024 0.306)
(0 -0.0012 0.306)
(-0.002 -0.006 0.306)
(-0.002 -0.0048 0.306)
(-0.002 -0.0036 0.306)
(-0.002 -0.0024 0.306)
(-0.002 -0.0012 0.306)
(-0.004 -0.006 0.306)
(-0.004 -0.0048 0.306)
(-0.004 -0.0036 0.306)
(-0.004 -0.0024 0.306)
(-0.004 -0.0012 0.306)
(-0.006 -0.006 0.306)
(-0.006 -0.0048 0.306)
(-0.006 -0.0036 0.306)
(-0.006 -0.0024 0.306)
(-0.006 -0.0012 0.306)
(-0.008 -0.006 0.306)
(-0.008 -0.0048 0.306)
(-0.008 -0.0036 0.306)
(-0.008 -0.0024 0.306)
(-0.008 -0.0012 0.306)
(-0.01 -0.006 0.306)
(-0.01 -0.0048 0.306)
(-0.01 -0.0036 0.306)
(-0.01 -0.0024 0.306)
(-0.01 -0.0012 0.306)
(0 -0.012 0.312)
(0 -0.0096 0.312)
(0 -0.0072 0.312)
(0 -0.0048 0.312)
(0 -0.0024 0.312)
(-0.002 -0.012 0.312)
(-0.002 -0.0096 0.312)
(-0.002 -0.0072 0.312)
(-0.002 -0.0048 0.312)
(-0.002 -0.0024 0.312)
(-0.004 -0.012 0.312)
(-0.004 -0.0096 0.312)
(-0.004 -0.0072 0.312)
(-0.004 -0.0048 0.312)
(-0.004 -0.0024 0.312)
(-0.006 -0.012 0.312)
(-0.006 -0.0096 0.312)
(-0.006 -0.0072 0.312)
(-0.006 -0.0048 0.312)
(-0.006 -0.0024 0.312)
(-0.008 -0.012 0.312)
(-0.008 -0.0096 0.312)
(-0.008 -0.0072 0.312)
(-0.008 -0.0048 0.312)
(-0.008 -0.0024 0.312)
(-0.01 -0.012 0.312)
(-0.01 -0.0096 0.312)
(-0.01 -0.0072 0.312)
(-0.01 -0.0048 0.312)
(-0.01 -0.0024 0.312)
(0 -0.018 0.318)
(0 -0.0144 0.318)
(0 -0.0108 0.318)
(0 -0.0072 0.318)
(0 -0.0036 0.318)
(-0.002 -0.018 0.318)
(-0.002 -0.0144 0.318)
(-0.002 -0.0108 0.318)
(-0.002 -0.0072 0.318)
(-0.002 -0.0036 0.318)
(-0.004 -0.018 0.318)
(-0.004 -0.0144 0.318)
(-0.004 -0.0108 0.318)
(-0.004 -0.0072 0.318)
(-0.004 -0.0036 0.318)
(-0.006 -0.018 0.318)
(-0.006 -0.0144 0.318)
(-0.006 -0.0108 0.318)
(-0.006 -0.0072 0.318)
(-0.006 -0.0036 0.318)
(-0.008 -0.018 0.318)
(-0.008 -0.0144 0.318)
(-0.008 -0.0108 0.318)
(-0.008 -0.0072 0.318)
(-0.008 -0.0036 0.318)
(-0.01 -0.018 0.318)
(-0.01 -0.0144 0.318)
(-0.01 -0.0108 0.318)
(-0.01 -0.0072 0.318)
(-0.01 -0.0036 0.318)
(0 -0.024 0.324)
(0 -0.0192 0.324)
(0 -0.0144 0.324)
(0 -0.0096 0.324)
(0 -0.0048 0.324)
(-0.002 -0.024 0.324)
(-0.002 -0.0192 0.324)
(-0.002 -0.0144 0.324)
(-0.002 -0.0096 0.324)
(-0.002 -0.0048 0.324)
(-0.004 -0.024 0.324)
(-0.004 -0.0192 0.324)
(-0.004 -0.0144 0.324)
(-0.004 -0.0096 0.324)
(-0.004 -0.0048 0.324)
(-0.006 -0.024 0.324)
(-0.006 -0.0192 0.324)
(-0.006 -0.0144 0.324)
(-0.006 -0.0096 0.324)
(-0.006 -0.0048 0.324)
(-0.008 -0.024 0.324)
(-0.008 -0.0192 0.324)
(-0.008 -0.0144 0.324)
(-0.008 -0.0096 0.324)
(-0.008 -0.0048 0.324)
(-0.01 -0.024 0.324)
(-0.01 -0.0192 0.324)
(-0.01 -0.0144 0.324)
(-0.01 -0.0096 0.324)
(-0.01 -0.0048 0.324)
(0 -0.03 0.33)
(0 -0.024 0.33)
(0 -0.018 0.33)
(0 -0.012 0.33)
(0 -0.006 0.33)
(-0.002 -0.03 0.33)
(-0.002 -0.024 0.33)
(-0.002 -0.018 0.33)
(-0.002 -0.012 0.33)
(-0.002 -0.006 0.33)
(-0.004 -0.03 0.33)
(-0.004 -0.024 0.33)
(-0.004 -0.018 0.33)
(-0.004 -0.012 0.33)
(-0.004 -0.006 0.33)
(-0.006 -0.03 0.33)
(-0.006 -0.024 0.33)
(-0.006 -0.018 0.33)
(-0.006 -0.012 0.33)
(-0.006 -0.006 0.33)
(-0.008 -0.03 0.33)
(-0.008 -0.024 0.33)
(-0.008 -0.018 0.33)
(-0.008 -0.012 0.33)
(-0.008 -0.006 0.33)
(-0.01 -0.03 0.33)
(-0.01 -0.024 0.33)
(-0.01 -0.018 0.33)
(-0.01 -0.012 0.33)
(-0.01 -0.006 0.33)
(-0.002 0.15 0.3)
(-0.008 0.15 0.3)
(-0.008 0.15 0.3)
(0 0.1512 0.306)
(0 0.1524 0.306)
(0 0.1536 0.306)
(0 0.1548 0.306)
(0 0.156 0.306)
(-0.002 0.1512 0.306)
(-0.002 0.1524 0.306)
(-0.002 0.1536 0.306)
(-0.002 0.1548 0.306)
(-0.002 0.156 0.306)
(-0.004 0.1512 0.306)
(-0.004 0.1524 0.306)
(-0.004 0.1536 0.306)
(-0.004 0.1548 0.306)
(-0.004 0.156 0.306)
(-0.006 0.1512 0.306)
(-0.006 0.1524 0.306)
(-0.006 0.1536 0.306)
(-0.006 0.1548 0.306)
(-0.006 0.156 0.306)
(-0.008 0.1512 0.306)
(-0.008 0.1524 0.306)
(-0.008 0.1536 0.306)
(-0.008 0.1548 0.306)
(-0.008 0.156 0.306)
(-0.01 0.1512 0.306)
(-0.01 0.1524 0.306)
(-0.01 0.1536 0.306)
(-0.01 0.1548 0.306)
(-0.01 0.156 0.306)
(0 0.1524 0.312)
(0 0.1548 0.312)
(0 0.1572 0.312)
(0 0.1596 0.312)
(0 0.162 0.312)
(-0.002 0.1524 0.312)
(-0.002 0.1548 0.312)
(-0.002 0.1572 0.312)
(-0.002 0.1596 0.312)
(-0.002 0.162 0.312)
(-0.004 0.1524 0.312)
(-0.004 0.1548 0.312)
(-0.004 0.1572 0.312)
(-0.004 0.1596 0.312)
(-0.004 0.162 0.312)
(-0.006 0.1524 0.312)
(-0.006 0.1548 0.312)
(-0.006 0.1572 0.312)
(-0.006 0.1596 0.312)
(-0.006 0.162 0.312)
(-0.008 0.1524 0.312)
(-0.008 0.1548 0.312)
(-0.008 0.1572 0.312)
(-0.008 0.1596 0.312)
(-0.008 0.162 0.312)
(-0.01 0.1524 0.312)
(-0.01 0.1548 0.312)
(-0.01 0.1572 0.312)
(-0.01 0.1596 0.312)
(-0.01 0.162 0.312)
(0 0.1536 0.318)
(0 0.1572 0.318)
(0 0.1608 0.318)
(0 0.1644 0.318)
(0 0.168 0.318)
(-0.002 0.1536 0.318)
(-0.002 0.1572 0.318)
(-0.002 0.1608 0.318)
(-0.002 0.1644 0.318)
(-0.002 0.168 0.318)
(-0.004 0.1536 0.318)
(-0.004 0.1572 0.318)
(-0.004 0.1608 0.318)
(-0.004 0.1644 0.318)
(-0.004 0.168 0.318)
(-0.006 0.1536 0.318)
(-0.006 0.1572 0.318)
(-0.006 0.1608 0.318)
(-0.006 0.1644 0.318)
(-0.006 0.168 0.318)
(-0.008 0.1536 0.318)
(-0.008 0.1572 0.318)
(-0.008 0.1608 0.318)
(-0.008 0.1644 0.318)
(-0.008 0.168 0.318)
(-0.01 0.1536 0.318)
(-0.01 0.1572 0.318)
(-0.01 0.1608 0.318)
(-0.01 0.1644 0.318)
(-0.01 0.168 0.318)
(0 0.1548 0.324)
(0 0.1596 0.324)
(0 0.1644 0.324)
(0 0.1692 0.324)
(0 0.174 0.324)
(-0.002 0.1548 0.324)
(-0.002 0.1596 0.324)
(-0.002 0.1644 0.324)
(-0.002 0.1692 0.324)
(-0.002 0.174 0.324)
(-0.004 0.1548 0.324)
(-0.004 0.1596 0.324)
(-0.004 0.1644 0.324)
(-0.004 0.1692 0.324)
(-0.004 0.174 0.324)
(-0.006 0.1548 0.324)
(-0.006 0.1596 0.324)
(-0.006 0.1644 0.324)
(-0.006 0.1692 0.324)
(-0.006 0.174 0.324)
(-0.008 0.1548 0.324)
(-0.008 0.1596 0.324)
(-0.008 0.1644 0.324)
(-0.008 0.1692 0.324)
(-0.008 0.174 0.324)
(-0.01 0.1548 0.324)
(-0.01 0.1596 0.324)
(-0.01 0.1644 0.324)
(-0.01 0.1692 0.324)
(-0.01 0.174 0.324)
(0 0.156 0.33)
(0 0.162 0.33)
(0 0.168 0.33)
(0 0.174 0.33)
(0 0.18 0.33)
(-0.002 0.156 0.33)
(-0.002 0.162 0.33)
(-0.002 0.168 0.33)
(-0.002 0.174 0.33)
(-0.002 0.18 0.33)
(-0.004 0.156 0.33)
(-0.004 0.162 0.33)
(-0.004 0.168 0.33)
(-0.004 0.174 0.33)
(-0.004 0.18 0.33)
(-0.006 0.156 0.33)
(-0.006 0.162 0.33)
(-0.006 0.168 0.33)
(-0.006 0.174 0.33)
(-0.006 0.18 0.33)
(-0.008 0.156 0.33)
(-0.008 0.162 0.33)
(-0.008 0.168 0.33)
(-0.008 0.174 0.33)
(-0.008 0.18 0.33)
(-0.01 0.156 0.33)
(-0.01 0.162 0.33)
(-0.01 0.168 0.33)
(-0.01 0.174 0.33)
(-0.01 0.18 0.33)
(0 -0.03 0.35)
(0 -0.024 0.35)
(0 -0.018 0.35)
(0 -0.012 0.35)
(0 -0.006 0.35)
(0 0 0.35)
(-0.002 -0.03 0.35)
(-0.002 -0.024 0.35)
(-0.002 -0.018 0.35)
(-0.002 -0.012 0.35)
(-0.002 -0.006 0.35)
(-0.002 0 0.35)
(-0.004 -0.03 0.35)
(-0.004 -0.024 0.35)
(-0.004 -0.018 0.35)
(-0.004 -0.012 0.35)
(-0.004 -0.006 0.35)
(-0.004 0 0.35)
(-0.006 -0.03 0.35)
(-0.006 -0.024 0.35)
(-0.006 -0.018 0.35)
(-0.006 -0.012 0.35)
(-0.006 -0.006 0.35)
(-0.006 0 0.35)
(-0.008 -0.03 0.35)
(-0.008 -0.024 0.35)
(-0.008 -0.018 0.35)
(-0.008 -0.012 0.35)
(-0.008 -0.006 0.35)
(-0.008 0 0.35)
(-0.01 -0.03 0.35)
(-0.01 -0.024 0.35)
(-0.01 -0.018 0.35)
(-0.01 -0.012 0.35)
(-0.01 -0.006 0.35)
(-0.01 0 0.35)
(0 -0.03 0.37)
(0 -0.024 0.37)
(0 -0.018 0.37)
(0 -0.012 0.37)
(0 -0.006 0.37)
(0 0 0.37)
(-0.002 -0.03 0.37)
(-0.002 -0.024 0.37)
(-0.002 -0.018 0.37)
(-0.002 -0.012 0.37)
(-0.002 -0.006 0.37)
(-0.002 0 0.37)
(-0.004 -0.03 0.37)
(-0.004 -0.024 0.37)
(-0.004 -0.018 0.37)
(-0.004 -0.012 0.37)
(-0.004 -0.006 0.37)
(-0.004 0 0.37)
(-0.006 -0.03 0.37)
(-0.006 -0.024 0.37)
(-0.006 -0.018 0.37)
(-0.006 -0.012 0.37)
(-0.006 -0.006 0.37)
(-0.006 0 0.37)
(-0.008 -0.03 0.37)
(-0.008 -0.024 0.37)
(-0.008 -0.018 0.37)
(-0.008 -0.012 0.37)
(-0.008 -0.006 0.37)
(-0.008 0 0.37)
(-0.01 -0.03 0.37)
(-0.01 -0.024 0.37)
(-0.01 -0.018 0.37)
(-0.01 -0.012 0.37)
(-0.01 -0.006 0.37)
(-0.01 0 0.37)
(0 -0.03 0.39)
(0 -0.024 0.39)
(0 -0.018 0.39)
(0 -0.012 0.39)
(0 -0.006 0.39)
(0 0 0.39)
(-0.002 -0.03 0.39)
(-0.002 -0.024 0.39)
(-0.002 -0.018 0.39)
(-0.002 -0.012 0.39)
(-0.002 -0.006 0.39)
(-0.002 0 0.39)
(-0.004 -0.03 0.39)
(-0.004 -0.024 0.39)
(-0.004 -0.018 0.39)
(-0.004 -0.012 0.39)
(-0.004 -0.006 0.39)
(-0.004 0 0.39)
(-0.006 -0.03 0.39)
(-0.006 -0.024 0.39)
(-0.006 -0.018 0.39)
(-0.006 -0.012 0.39)
(-0.006 -0.006 0.39)
(-0.006 0 0.39)
(-0.008 -0.03 0.39)
(-0.008 -0.024 0.39)
(-0.008 -0.018 0.39)
(-0.008 -0.012 0.39)
(-0.008 -0.006 0.39)
(-0.008 0 0.39)
(-0.01 -0.03 0.39)
(-0.01 -0.024 0.39)
(-0.01 -0.018 0.39)
(-0.01 -0.012 0.39)
(-0.01 -0.006 0.39)
(-0.01 0 0.39)
(0 -0.03 0.41)
(0 -0.024 0.41)
(0 -0.018 0.41)
(0 -0.012 0.41)
(0 -0.006 0.41)
(0 0 0.41)
(-0.002 -0.03 0.41)
(-0.002 -0.024 0.41)
(-0.002 -0.018 0.41)
(-0.002 -0.012 0.41)
(-0.002 -0.006 0.41)
(-0.002 0 0.41)
(-0.004 -0.03 0.41)
(-0.004 -0.024 0.41)
(-0.004 -0.018 0.41)
(-0.004 -0.012 0.41)
(-0.004 -0.006 0.41)
(-0.004 0 0.41)
(-0.006 -0.03 0.41)
(-0.006 -0.024 0.41)
(-0.006 -0.018 0.41)
(-0.006 -0.012 0.41)
(-0.006 -0.006 0.41)
(-0.006 0 0.41)
(-0.008 -0.03 0.41)
(-0.008 -0.024 0.41)
(-0.008 -0.018 0.41)
(-0.008 -0.012 0.41)
(-0.008 -0.006 0.41)
(-0.008 0 0.41)
(-0.01 -0.03 0.41)
(-0.01 -0.024 0.41)
(-0.01 -0.018 0.41)
(-0.01 -0.012 0.41)
(-0.01 -0.006 0.41)
(-0.01 0 0.41)
(0 -0.03 0.43)
(0 -0.024 0.43)
(0 -0.018 0.43)
(0 -0.012 0.43)
(0 -0.006 0.43)
(0 0 0.43)
(-0.002 -0.03 0.43)
(-0.002 -0.024 0.43)
(-0.002 -0.018 0.43)
(-0.002 -0.012 0.43)
(-0.002 -0.006 0.43)
(-0.002 0 0.43)
(-0.004 -0.03 0.43)
(-0.004 -0.024 0.43)
(-0.004 -0.018 0.43)
(-0.004 -0.012 0.43)
(-0.004 -0.006 0.43)
(-0.004 0 0.43)
(-0.006 -0.03 0.43)
(-0.006 -0.024 0.43)
(-0.006 -0.018 0.43)
(-0.006 -0.012 0.43)
(-0.006 -0.006 0.43)
(-0.006 0 0.43)
(-0.008 -0.03 0.43)
(-0.008 -0.024 0.43)
(-0.008 -0.018 0.43)
(-0.008 -0.012 0.43)
(-0.008 -0.006 0.43)
(-0.008 0 0.43)
(-0.01 -0.03 0.43)
(-0.01 -0.024 0.43)
(-0.01 -0.018 0.43)
(-0.01 -0.012 0.43)
(-0.01 -0.006 0.43)
(-0.01 0 0.43)
(0 0.15 0.35)
(0 0.156 0.35)
(0 0.162 0.35)
(0 0.168 0.35)
(0 0.174 0.35)
(0 0.18 0.35)
(-0.002 0.15 0.35)
(-0.002 0.156 0.35)
(-0.002 0.162 0.35)
(-0.002 0.168 0.35)
(-0.002 0.174 0.35)
(-0.002 0.18 0.35)
(-0.004 0.15 0.35)
(-0.004 0.156 0.35)
(-0.004 0.162 0.35)
(-0.004 0.168 0.35)
(-0.004 0.174 0.35)
(-0.004 0.18 0.35)
(-0.006 0.15 0.35)
(-0.006 0.156 0.35)
(-0.006 0.162 0.35)
(-0.006 0.168 0.35)
(-0.006 0.174 0.35)
(-0.006 0.18 0.35)
(-0.008 0.15 0.35)
(-0.008 0.156 0.35)
(-0.008 0.162 0.35)
(-0.008 0.168 0.35)
(-0.008 0.174 0.35)
(-0.008 0.18 0.35)
(-0.01 0.15 0.35)
(-0.01 0.156 0.35)
(-0.01 0.162 0.35)
(-0.01 0.168 0.35)
(-0.01 0.174 0.35)
(-0.01 0.18 0.35)
(0 0.15 0.37)
(0 0.156 0.37)
(0 0.162 0.37)
(0 0.168 0.37)
(0 0.174 0.37)
(0 0.18 0.37)
(-0.002 0.15 0.37)
(-0.002 0.156 0.37)
(-0.002 0.162 0.37)
(-0.002 0.168 0.37)
(-0.002 0.174 0.37)
(-0.002 0.18 0.37)
(-0.004 0.15 0.37)
(-0.004 0.156 0.37)
(-0.004 0.162 0.37)
(-0.004 0.168 0.37)
(-0.004 0.174 0.37)
(-0.004 0.18 0.37)
(-0.006 0.15 0.37)
(-0.006 0.156 0.37)
(-0.006 0.162 0.37)
(-0.006 0.168 0.37)
(-0.006 0.174 0.37)
(-0.006 0.18 0.37)
(-0.008 0.15 0.37)
(-0.008 0.156 0.37)
(-0.008 0.162 0.37)
(-0.008 0.168 0.37)
(-0.008 0.174 0.37)
(-0.008 0.18 0.37)
(-0.01 0.15 0.37)
(-0.01 0.156 0.37)
(-0.01 0.162 0.37)
(-0.01 0.168 0.37)
(-0.01 0.174 0.37)
(-0.01 0.18 0.37)
(0 0.15 0.39)
(0 0.156 0.39)
(0 0.162 0.39)
(0 0.168 0.39)
(0 0.174 0.39)
(0 0.18 0.39)
(-0.002 0.15 0.39)
(-0.002 0.156 0.39)
(-0.002 0.162 0.39)
(-0.002 0.168 0.39)
(-0.002 0.174 0.39)
(-0.002 0.18 0.39)
(-0.004 0.15 0.39)
(-0.004 0.156 0.39)
(-0.004 0.162 0.39)
(-0.004 0.168 0.39)
(-0.004 0.174 0.39)
(-0.004 0.18 0.39)
(-0.006 0.15 0.39)
(-0.006 0.156 0.39)
(-0.006 0.162 0.39)
(-0.006 0.168 0.39)
(-0.006 0.174 0.39)
(-0.006 0.18 0.39)
(-0.008 0.15 0.39)
(-0.008 0.156 0.39)
(-0.008 0.162 0.39)
(-0.008 0.168 0.39)
(-0.008 0.174 0.39)
(-0.008 0.18 0.39)
(-0.01 0.15 0.39)
(-0.01 0.156 0.39)
(-0.01 0.162 0.39)
(-0.01 0.168 0.39)
(-0.01 0.174 0.39)
(-0.01 0.18 0.39)
(0 0.15 0.41)
(0 0.156 0.41)
(0 0.162 0.41)
(0 0.168 0.41)
(0 0.174 0.41)
(0 0.18 0.41)
(-0.002 0.15 0.41)
(-0.002 0.156 0.41)
(-0.002 0.162 0.41)
(-0.002 0.168 0.41)
(-0.002 0.174 0.41)
(-0.002 0.18 0.41)
(-0.004 0.15 0.41)
(-0.004 0.156 0.41)
(-0.004 0.162 0.41)
(-0.004 0.168 0.41)
(-0.004 0.174 0.41)
(-0.004 0.18 0.41)
(-0.006 0.15 0.41)
(-0.006 0.156 0.41)
(-0.006 0.162 0.41)
(-0.006 0.168 0.41)
(-0.006 0.174 0.41)
(-0.006 0.18 0.41)
(-0.008 0.15 0.41)
(-0.008 0.156 0.41)
(-0.008 0.162 0.41)
(-0.008 0.168 0.41)
(-0.008 0.174 0.41)
(-0.008 0.18 0.41)
(-0.01 0.15 0.41)
(-0.01 0.156 0.41)
(-0.01 0.162 0.41)
(-0.01 0.168 0.41)
(-0.01 0.174 0.41)
(-0.01 0.18 0.41)
(0 0.15 0.43)
(0 0.156 0.43)
(0 0.162 0.43)
(0 0.168 0.43)
(0 0.174 0.43)
(0 0.18 0.43)
(-0.002 0.15 0.43)
(-0.002 0.156 0.43)
(-0.002 0.162 0.43)
(-0.002 0.168 0.43)
(-0.002 0.174 0.43)
(-0.002 0.18 0.43)
(-0.004 0.15 0.43)
(-0.004 0.156 0.43)
(-0.004 0.162 0.43)
(-0.004 0.168 0.43)
(-0.004 0.174 0.43)
(-0.004 0.18 0.43)
(-0.006 0.15 0.43)
(-0.006 0.156 0.43)
(-0.006 0.162 0.43)
(-0.006 0.168 0.43)
(-0.006 0.174 0.43)
(-0.006 0.18 0.43)
(-0.008 0.15 0.43)
(-0.008 0.156 0.43)
(-0.008 0.162 0.43)
(-0.008 0.168 0.43)
(-0.008 0.174 0.43)
(-0.008 0.18 0.43)
(-0.01 0.15 0.43)
(-0.01 0.156 0.43)
(-0.01 0.162 0.43)
(-0.01 0.168 0.43)
(-0.01 0.174 0.43)
(-0.01 0.18 0.43)
)


// ************************************************************************* //
